xof 0303txt 0032
template Frame {
 <3d82ab46-62da-11cf-ab39-0020af71e433>
 [...]
}

template Matrix4x4 {
 <f6f23f45-7686-11cf-8f52-0040333594a3>
 array FLOAT matrix[16];
}

template FrameTransformMatrix {
 <f6f23f41-7686-11cf-8f52-0040333594a3>
 Matrix4x4 frameMatrix;
}

template AnimTicksPerSecond {
 <9e415a43-7ba6-4a73-8743-b73d47e88476>
 DWORD AnimTicksPerSecond;
}

template Animation {
 <3d82ab4f-62da-11cf-ab39-0020af71e433>
 [...]
}

template AnimationSet {
 <3d82ab50-62da-11cf-ab39-0020af71e433>
 [Animation <3d82ab4f-62da-11cf-ab39-0020af71e433>]
}

template FloatKeys {
 <10dd46a9-775b-11cf-8f52-0040333594a3>
 DWORD nValues;
 array FLOAT values[nValues];
}

template TimedFloatKeys {
 <f406b180-7b3b-11cf-8f52-0040333594a3>
 DWORD time;
 FloatKeys tfkeys;
}

template AnimationKey {
 <10dd46a8-775b-11cf-8f52-0040333594a3>
 DWORD keyType;
 DWORD nKeys;
 array TimedFloatKeys keys[nKeys];
}


Frame Root_Pelvis {
 

 FrameTransformMatrix {
  -0.000000,-0.034398,-0.392195,0.000000,-0.393701,-0.000000,0.000000,0.000000,-0.000000,0.392195,-0.034398,0.000000,0.000000,91.219162,52.933776,1.000000;;
 }

 Frame Spine {
  

  FrameTransformMatrix {
   0.859841,-0.000000,0.510562,0.000000,0.000000,1.000000,0.000000,0.000000,-0.510562,0.000000,0.859841,0.000000,126.060595,0.000000,0.000000,1.000000;;
  }

  Frame Chest {
   

   FrameTransformMatrix {
    0.998870,0.000000,-0.047531,0.000000,0.000000,1.000000,-0.000000,0.000000,0.047531,0.000000,0.998870,0.000000,96.567725,0.000000,0.000015,1.000000;;
   }

   Frame Neck {
    

    FrameTransformMatrix {
     0.803122,0.000000,0.595814,0.000000,-0.000000,1.000000,0.000000,0.000000,-0.595814,-0.000000,0.803122,0.000000,70.586182,0.000000,0.000046,1.000000;;
    }

    Frame Head {
     

     FrameTransformMatrix {
      0.603181,0.000000,-0.797604,0.000000,-0.000000,1.000000,-0.000000,0.000000,0.797604,0.000000,0.603181,0.000000,86.904966,0.000000,-0.000023,1.000000;;
     }

     Frame UpperMouth {
      

      FrameTransformMatrix {
       -0.000000,-1.000000,0.000000,0.000000,0.993307,-0.000000,-0.115501,0.000000,0.115501,-0.000000,0.993307,0.000000,95.674042,-0.000000,-6.093140,1.000000;;
      }
     }

     Frame Jaw {
      

      FrameTransformMatrix {
       0.890045,-0.000000,-0.455874,0.000000,0.000000,1.000000,0.000000,0.000000,0.455874,0.000000,0.890045,0.000000,41.192352,-0.000000,-23.123779,1.000000;;
      }

      Frame JawTip {
       

       FrameTransformMatrix {
        -0.000000,-1.000000,-0.000000,0.000000,0.899981,-0.000000,0.435928,0.000000,-0.435928,0.000000,0.899981,0.000000,57.773376,0.000000,35.099638,1.000000;;
       }
      }
     }

     Frame Eye_Left {
      

      FrameTransformMatrix {
       -0.000000,-1.000000,0.000000,0.000000,0.993307,-0.000000,-0.115501,0.000000,0.115501,-0.000000,0.993307,0.000000,86.658938,-31.675533,9.583802,1.000000;;
      }
     }

     Frame Eye_Right {
      

      FrameTransformMatrix {
       -0.000000,-1.000000,-0.000000,0.000000,-0.993307,-0.000000,0.115501,0.000000,-0.115501,0.000000,-0.993307,0.000000,86.658752,31.675501,9.584259,1.000000;;
      }
     }
    }

    Frame NeckFat_Left {
     

     FrameTransformMatrix {
      -0.206439,-0.408782,-0.888977,0.000000,-0.092467,0.912632,-0.398186,0.000000,0.974080,0.000000,-0.226202,0.000000,-30.930419,-59.219475,-124.621926,1.000000;;
     }
    }

    Frame NeckFat_Right {
     

     FrameTransformMatrix {
      -0.208230,0.391320,-0.896387,0.000000,0.088546,0.920255,0.381170,0.000000,0.974064,0.000000,-0.226274,0.000000,-30.930451,59.219501,-124.621760,1.000000;;
     }
    }
   }

   Frame UpperArm_Left {
    

    FrameTransformMatrix {
     -0.484692,-0.184515,-0.855002,0.000000,-0.097883,0.982799,-0.156606,0.000000,0.869191,0.007784,-0.494415,0.000000,-42.504118,-109.257638,-103.588723,1.000000;;
    }

    Frame LowerArm_Left {
     

     FrameTransformMatrix {
      0.503465,-0.027697,0.863572,0.000000,0.033723,0.999354,0.012392,0.000000,-0.863357,0.022883,0.504074,0.000000,100.854765,0.000031,0.000000,1.000000;;
     }

     Frame Hand_Left {
      

      FrameTransformMatrix {
       0.880076,-0.042459,0.472931,0.000000,-0.068035,0.974442,0.214090,0.000000,-0.469934,-0.220591,0.854694,0.000000,55.176954,-0.000015,0.000000,1.000000;;
      }

      Frame HandTip_Left {
       

       FrameTransformMatrix {
        0.989203,0.016106,0.145666,0.000000,-0.006519,0.997795,-0.066057,0.000000,-0.146409,0.064395,0.987126,0.000000,30.651498,0.000015,0.000004,1.000000;;
       }
      }
     }
    }
   }

   Frame UpperArm_Right {
    

    FrameTransformMatrix {
     -0.484692,0.184514,-0.855002,0.000000,0.097887,0.982799,0.156602,0.000000,0.869191,-0.007789,-0.494416,0.000000,-42.504211,109.258022,-103.588877,1.000000;;
    }

    Frame LowerArm_Right {
     

     FrameTransformMatrix {
      0.503464,0.027705,0.863571,0.000000,-0.033732,0.999354,-0.012395,0.000000,-0.863357,-0.022889,0.504074,0.000000,100.854541,0.000000,-0.000004,1.000000;;
     }

     Frame Hand_Right {
      

      FrameTransformMatrix {
       0.880120,0.037192,0.473292,0.000000,0.004991,0.996147,-0.087560,0.000000,-0.474725,0.079425,0.876543,0.000000,55.177043,-0.000015,0.000008,1.000000;;
      }

      Frame HandTip_Right {
       

       FrameTransformMatrix {
        0.988402,-0.068505,0.135530,0.000000,0.061894,0.996706,0.052409,0.000000,-0.138674,-0.043413,0.989386,0.000000,30.650870,0.000000,0.000000,1.000000;;
       }
      }
     }
    }
   }
  }

  Frame Wing01_Left {
   

   FrameTransformMatrix {
    -0.819238,-0.141155,0.555810,0.000000,0.069093,-0.986468,-0.148687,0.000000,0.569277,-0.083408,0.817904,0.000000,109.476557,-86.857907,76.797030,1.000000;;
   }

   Frame Wing02_Left {
    

    FrameTransformMatrix {
     0.492857,0.852111,-0.176065,0.000000,-0.868617,0.493683,-0.042206,0.000000,0.050956,0.173734,0.983474,0.000000,67.823072,0.000000,0.000031,1.000000;;
    }

    Frame Wing03_Left {
     

     FrameTransformMatrix {
      -0.133531,0.987473,-0.084066,0.000000,-0.830218,-0.065135,0.553620,0.000000,0.541209,0.143719,0.828516,0.000000,63.671750,0.000004,-0.000031,1.000000;;
     }

     Frame WingHand_Left {
      

      FrameTransformMatrix {
       -0.233539,-0.972290,0.010574,0.000000,0.970654,-0.232477,0.061526,0.000000,-0.057363,0.024632,0.998050,0.000000,128.981568,0.000008,-0.000031,1.000000;;
      }

      Frame WingIndex01_Left {
       

       FrameTransformMatrix {
        0.916466,-0.397911,0.041909,0.000000,0.382876,0.902575,0.196884,0.000000,-0.116169,-0.164392,0.979530,0.000000,126.048717,-3.206779,-0.997986,1.000000;;
       }

       Frame WingIndex02_Left {
        

        FrameTransformMatrix {
         0.940492,-0.338860,0.025460,0.000000,0.329054,0.889444,-0.317197,0.000000,0.084840,0.306699,0.948018,0.000000,89.245978,-3.889023,4.522247,1.000000;;
        }

        Frame WingIndex03_Left {
         

         FrameTransformMatrix {
          0.988324,0.009196,-0.152091,0.000000,-0.032604,0.987822,-0.152138,0.000000,0.148840,0.155320,0.976587,0.000000,81.146067,-1.618134,-2.745026,1.000000;;
         }
        }
       }
      }

      Frame WingMiddle01_Left {
       

       FrameTransformMatrix {
        0.805256,-0.592817,-0.011450,0.000000,0.489584,0.675675,-0.551154,0.000000,0.334471,0.438214,0.834325,0.000000,103.795027,-47.754189,2.984833,1.000000;;
       }

       Frame WingMiddle02_Left {
        

        FrameTransformMatrix {
         0.940137,-0.177951,-0.290649,0.000000,0.333438,0.304015,0.892409,0.000000,-0.070443,-0.935900,0.345152,0.000000,82.147277,-0.000015,-0.000031,1.000000;;
        }

        Frame WingMiddle03_Left {
         

         FrameTransformMatrix {
          0.977873,-0.141675,-0.153922,0.000000,0.136848,0.989720,-0.041571,0.000000,0.158229,0.019587,0.987208,0.000000,62.438470,0.000031,0.000000,1.000000;;
         }
        }
       }
      }

      Frame WingPinky01_Left {
       

       FrameTransformMatrix {
        0.736562,-0.669436,-0.096596,0.000000,0.514497,0.647247,-0.562462,0.000000,0.439054,0.364590,0.821161,0.000000,79.302522,-69.807149,5.969147,1.000000;;
       }

       Frame WingPinky02_Left {
        

        FrameTransformMatrix {
         0.969653,-0.184561,-0.160344,0.000000,0.237422,0.554326,0.797717,0.000000,-0.058345,-0.811578,0.581323,0.000000,80.803238,0.000000,0.000015,1.000000;;
        }

        Frame WingPinky03_Left {
         

         FrameTransformMatrix {
          0.979851,-0.197092,-0.032357,0.000000,0.195474,0.979568,-0.047291,0.000000,0.041017,0.040014,0.998357,0.000000,34.501664,2.494102,-0.404236,1.000000;;
         }
        }
       }
      }
     }
    }
   }
  }

  Frame ValleyFat {
   

   FrameTransformMatrix {
    -0.433473,0.000000,-0.901167,0.000000,-0.000000,1.000000,-0.000000,0.000000,0.901167,0.000000,-0.433473,0.000000,-63.996448,-0.000000,-125.222758,1.000000;;
   }
  }

  Frame Wing01_Right {
   

   FrameTransformMatrix {
    -0.819373,0.141501,0.555523,0.000000,-0.069207,-0.986387,0.149172,0.000000,0.569068,0.083781,0.818011,0.000000,109.476493,86.857907,76.796902,1.000000;;
   }

   Frame Wing02_Right {
    

    FrameTransformMatrix {
     0.492840,-0.852121,-0.176062,0.000000,0.868627,0.493666,0.042203,0.000000,0.050954,-0.173732,0.983474,0.000000,67.822970,0.000000,-0.000031,1.000000;;
    }

    Frame Wing03_Right {
     

     FrameTransformMatrix {
      -0.133553,-0.987470,-0.084057,0.000000,0.830211,-0.065157,-0.553628,0.000000,0.541214,-0.143724,0.828511,0.000000,63.671309,0.000008,0.000000,1.000000;;
     }

     Frame WingHand_Right {
      

      FrameTransformMatrix {
       -0.389648,0.920713,0.021498,0.000000,-0.889326,-0.370093,-0.268572,0.000000,-0.239321,-0.123767,0.963020,0.000000,128.982182,0.000015,0.000000,1.000000;;
      }

      Frame WingIndex01_Right {
       

       FrameTransformMatrix {
        0.782093,0.623049,-0.011813,0.000000,-0.582632,0.724371,-0.368548,0.000000,-0.221067,0.295122,0.929534,0.000000,121.183206,22.141594,-1.524597,1.000000;;
       }

       Frame WingIndex02_Right {
        

        FrameTransformMatrix {
         0.893925,0.392741,0.215992,0.000000,-0.435958,0.649926,0.622525,0.000000,0.104113,-0.650654,0.752204,0.000000,85.113677,-9.469086,3.535309,1.000000;;
        }

        Frame WingIndex03_Right {
         

         FrameTransformMatrix {
          0.886766,0.186426,-0.422955,0.000000,-0.390907,0.790779,-0.471021,0.000000,0.246653,0.583021,0.774111,0.000000,78.609293,-2.116837,-1.701630,1.000000;;
         }
        }
       }
      }

      Frame WingMiddle01_Right {
       

       FrameTransformMatrix {
        0.720896,0.686259,0.096734,0.000000,-0.660688,0.638363,0.394950,0.000000,0.209286,-0.348629,0.913596,0.000000,99.467200,51.758467,8.225738,1.000000;;
       }

       Frame WingMiddle02_Right {
        

        FrameTransformMatrix {
         0.916083,0.364820,-0.166428,0.000000,-0.376136,0.925642,-0.041332,0.000000,0.138974,0.100463,0.985187,0.000000,81.260966,0.113007,-2.054688,1.000000;;
        }

        Frame WingMiddle03_Right {
         

         FrameTransformMatrix {
          0.978072,0.203453,-0.044518,0.000000,-0.208251,0.952780,-0.221004,0.000000,-0.002548,0.225429,0.974256,0.000000,60.915085,2.387939,-4.967010,1.000000;;
         }
        }
       }
      }

      Frame WingPinky01_Right {
       

       FrameTransformMatrix {
        0.854091,0.507273,0.114898,0.000000,0.122884,-0.411454,0.903109,0.000000,0.505398,-0.757218,-0.413755,0.000000,78.238650,71.966822,12.784454,1.000000;;
       }

       Frame WingPinky02_Right {
        

        FrameTransformMatrix {
         0.911573,-0.057710,-0.407069,0.000000,-0.410862,-0.091515,-0.907093,0.000000,0.015095,0.994130,-0.107134,0.000000,71.121350,-6.251007,-16.811890,1.000000;;
        }

        Frame WingPinky03_Right {
         

         FrameTransformMatrix {
          0.948177,0.235730,-0.213054,0.000000,-0.266456,0.955176,-0.128999,0.000000,0.173095,0.179084,0.968487,0.000000,34.779146,9.165749,-1.853455,1.000000;;
         }
        }
       }
      }
     }
    }
   }
  }
 }

 Frame UpperLeg_Left {
  

  FrameTransformMatrix {
   -0.197502,-0.123112,-0.972541,0.000000,-0.033383,0.992352,-0.118841,0.000000,0.979734,0.008995,-0.200101,0.000000,46.670678,-120.680960,-78.785050,1.000000;;
  }

  Frame LowerLeg_Left {
   

   FrameTransformMatrix {
    0.429929,0.041506,-0.901908,0.000000,-0.162095,0.986260,-0.031881,0.000000,0.888193,0.159901,0.430749,0.000000,79.997984,0.000000,0.000000,1.000000;;
   }

   Frame ReverseLeg_Left {
    

    FrameTransformMatrix {
     -0.485200,-0.113254,0.867038,0.000000,0.035446,0.988214,0.148918,0.000000,-0.873685,0.102987,-0.475467,0.000000,58.832902,0.000000,0.000000,1.000000;;
    }

    Frame Feet_Left {
     

     FrameTransformMatrix {
      0.685400,-0.211846,0.696670,0.000000,0.050338,0.968240,0.244903,0.000000,-0.726426,-0.132788,0.674295,0.000000,63.240314,-0.000015,0.000000,1.000000;;
     }

     Frame Toe_Left {
      

      FrameTransformMatrix {
       0.988718,0.113669,0.097553,0.000000,-0.101573,0.987431,-0.121092,0.000000,-0.110092,0.109817,0.987836,0.000000,28.971574,-0.000031,0.000001,1.000000;;
      }
     }
    }
   }
  }
 }

 Frame UpperLeg_Right {
  

  FrameTransformMatrix {
   -0.197508,0.123108,-0.972540,0.000000,0.033392,0.992352,0.118834,0.000000,0.979732,-0.009005,-0.200109,0.000000,46.670653,120.680986,-78.784941,1.000000;;
  }

  Frame LowerLeg_Right {
   

   FrameTransformMatrix {
    0.429936,-0.041509,-0.901905,0.000000,0.162104,0.986259,0.031884,0.000000,0.888188,-0.159910,0.430757,0.000000,79.998138,0.000031,0.000015,1.000000;;
   }

   Frame ReverseLeg_Right {
    

    FrameTransformMatrix {
     -0.485204,0.113274,0.867033,0.000000,-0.035450,0.988210,-0.148944,0.000000,-0.873682,-0.103005,-0.475468,0.000000,58.832794,-0.000015,-0.000008,1.000000;;
    }

    Frame Feet_Right {
     

     FrameTransformMatrix {
      0.678362,0.250024,0.690878,0.000000,-0.158058,0.967963,-0.195104,0.000000,-0.717525,0.023152,0.696147,0.000000,63.240653,0.000000,-0.000023,1.000000;;
     }

     Frame Toe_Right {
      

      FrameTransformMatrix {
       0.993487,-0.041525,0.106107,0.000000,0.034738,0.997279,0.065026,0.000000,-0.108519,-0.060916,0.992226,0.000000,28.971062,0.000000,0.000000,1.000000;;
      }
     }
    }
   }
  }
 }

 Frame Tail01 {
  

  FrameTransformMatrix {
   -0.748950,0.000000,-0.662626,0.000000,-0.000000,-1.000000,-0.000000,0.000000,-0.662626,-0.000000,0.748950,0.000000,-67.266893,0.000000,-74.626451,1.000000;;
  }

  Frame Tail02 {
   

   FrameTransformMatrix {
    0.975120,-0.000000,0.221678,0.000000,0.000000,1.000000,-0.000000,0.000000,-0.221678,-0.000000,0.975120,0.000000,116.233830,-0.000000,0.000000,1.000000;;
   }

   Frame Tail03 {
    

    FrameTransformMatrix {
     0.974182,-0.000000,0.225764,0.000000,-0.000000,1.000000,0.000000,0.000000,-0.225764,-0.000000,0.974182,0.000000,113.724518,0.000000,0.000000,1.000000;;
    }

    Frame TailEnd {
     

     FrameTransformMatrix {
      0.998665,-0.000000,0.051668,0.000000,-0.000000,1.000000,-0.000000,0.000000,-0.051668,-0.000000,0.998665,0.000000,132.384128,-0.000000,0.000008,1.000000;;
     }
    }
   }
  }
 }
}

AnimTicksPerSecond  {
 4800;
}

AnimationSet Anim1 {
 

 Animation {
  
  { Root_Pelvis }

  AnimationKey  {
   4;
   37;
   0;16;-0.000000,-0.034398,-0.392195,0.000000,-0.393701,-0.000000,0.000000,0.000000,-0.000000,0.392195,-0.034398,0.000000,0.000000,91.219162,52.933776,1.000000;;,
   800;16;-0.000000,-0.034398,-0.392195,0.000000,-0.393701,-0.000000,0.000000,0.000000,-0.000000,0.392195,-0.034398,0.000000,0.000000,91.219162,52.933776,1.000000;;,
   960;16;-0.000573,-0.034398,-0.392195,0.000000,-0.393646,0.006555,0.000000,0.000000,0.006530,0.392140,-0.034403,0.000000,-0.897431,90.644717,57.433830,1.000000;;,
   1120;16;-0.001636,-0.034364,-0.392195,0.000000,-0.393255,0.018723,0.000000,0.000000,0.018651,0.391751,-0.034403,0.000000,-2.564087,89.310643,65.791072,1.000000;;,
   1280;16;-0.002208,-0.034332,-0.392195,0.000000,-0.392889,0.025268,0.000000,0.000000,0.025171,0.391386,-0.034403,0.000000,-3.461519,87.800864,70.291123,1.000000;;,
   1440;16;-0.002275,-0.036143,-0.392032,0.000000,-0.393133,0.021142,0.000332,0.000000,0.021022,0.391468,-0.036213,0.000000,-3.430917,86.210413,69.526490,1.000000;;,
   1600;16;-0.002268,-0.040936,-0.391560,0.000000,-0.393565,0.010256,0.001208,0.000000,0.010074,0.391433,-0.040981,0.000000,-3.347312,84.345146,67.510630,1.000000;;,
   1760;16;-0.001804,-0.047739,-0.390792,0.000000,-0.393660,-0.005147,0.002446,0.000000,-0.005406,0.390762,-0.047711,0.000000,-3.223000,82.355123,64.660621,1.000000;;,
   1920;16;-0.000612,-0.055538,-0.389763,0.000000,-0.393022,-0.022792,0.003865,0.000000,-0.023109,0.389097,-0.055407,0.000000,-3.070277,80.390426,61.393530,1.000000;;,
   2080;16;0.001284,-0.063288,-0.388579,0.000000,-0.391588,-0.040390,0.005284,0.000000,-0.040713,0.386476,-0.063080,0.000000,-2.901443,78.601088,58.126451,1.000000;;,
   2240;16;0.003512,-0.069969,-0.387418,0.000000,-0.389690,-0.055674,0.006522,0.000000,-0.055944,0.383412,-0.069753,0.000000,-2.728795,77.137197,55.276442,1.000000;;,
   2400;16;0.005409,-0.074630,-0.386525,0.000000,-0.387985,-0.066433,0.007397,0.000000,-0.066624,0.380811,-0.074460,0.000000,-2.564629,76.148819,53.260582,1.000000;;,
   2560;16;0.006198,-0.076382,-0.386171,0.000000,-0.387260,-0.070501,0.007730,0.000000,-0.070652,0.379731,-0.076242,0.000000,-2.421243,75.786003,52.495942,1.000000;;,
   2720;16;0.006101,-0.076106,-0.386227,0.000000,-0.387410,-0.069685,0.007612,0.000000,-0.069833,0.379937,-0.075970,0.000000,-2.290243,75.890176,52.498896,1.000000;;,
   2880;16;0.005837,-0.075331,-0.386383,0.000000,-0.387818,-0.067412,0.007284,0.000000,-0.067553,0.380501,-0.075204,0.000000,-2.155908,76.183334,52.507210,1.000000;;,
   3040;16;0.005447,-0.074130,-0.386621,0.000000,-0.388414,-0.063942,0.006788,0.000000,-0.064071,0.381335,-0.074019,0.000000,-2.019546,76.636480,52.520064,1.000000;;,
   3200;16;0.004977,-0.072580,-0.386921,0.000000,-0.389124,-0.059537,0.006163,0.000000,-0.059648,0.382345,-0.072488,0.000000,-1.882462,77.220614,52.536640,1.000000;;,
   3360;16;0.004472,-0.070755,-0.387265,0.000000,-0.389878,-0.054459,0.005448,0.000000,-0.054547,0.383443,-0.070686,0.000000,-1.745966,77.906714,52.556106,1.000000;;,
   3520;16;0.003969,-0.068732,-0.387634,0.000000,-0.390615,-0.048970,0.004684,0.000000,-0.049033,0.384549,-0.068687,0.000000,-1.611361,78.665773,52.577632,1.000000;;,
   3680;16;0.003498,-0.066588,-0.388013,0.000000,-0.391289,-0.043339,0.003910,0.000000,-0.043374,0.385601,-0.066565,0.000000,-1.479957,79.468787,52.600422,1.000000;;,
   3840;16;0.003078,-0.064400,-0.388386,0.000000,-0.391866,-0.037833,0.003167,0.000000,-0.037840,0.386551,-0.064396,0.000000,-1.353060,80.286752,52.623626,1.000000;;,
   4000;16;0.002719,-0.062246,-0.388740,0.000000,-0.392331,-0.032722,0.002495,0.000000,-0.032704,0.387369,-0.062255,0.000000,-1.231977,81.090650,52.646432,1.000000;;,
   4160;16;0.002419,-0.060200,-0.389064,0.000000,-0.392679,-0.028277,0.001934,0.000000,-0.028240,0.388042,-0.060217,0.000000,-1.118014,81.851494,52.668016,1.000000;;,
   4320;16;0.002169,-0.058339,-0.389348,0.000000,-0.392918,-0.024770,0.001523,0.000000,-0.024722,0.388566,-0.058360,0.000000,-1.012480,82.540237,52.687558,1.000000;;,
   4480;16;0.001943,-0.056583,-0.389609,0.000000,-0.393085,-0.021976,0.001231,0.000000,-0.021924,0.388993,-0.056603,0.000000,-0.914997,83.186918,52.705907,1.000000;;,
   4640;16;0.001726,-0.054801,-0.389864,0.000000,-0.393218,-0.019465,0.000995,0.000000,-0.019414,0.389382,-0.054819,0.000000,-0.823776,83.840288,52.724438,1.000000;;,
   4800;16;0.001517,-0.052997,-0.390115,0.000000,-0.393324,-0.017202,0.000808,0.000000,-0.017154,0.389738,-0.053013,0.000000,-0.737999,84.499469,52.743136,1.000000;;,
   4960;16;0.001314,-0.051174,-0.390359,0.000000,-0.393409,-0.015148,0.000662,0.000000,-0.015105,0.390067,-0.051186,0.000000,-0.656849,85.163590,52.761981,1.000000;;,
   5120;16;0.001118,-0.049333,-0.390596,0.000000,-0.393477,-0.013267,0.000549,0.000000,-0.013232,0.390372,-0.049343,0.000000,-0.579510,85.831782,52.780938,1.000000;;,
   5280;16;0.000930,-0.047480,-0.390826,0.000000,-0.393532,-0.011523,0.000464,0.000000,-0.011495,0.390657,-0.047487,0.000000,-0.505166,86.503174,52.799987,1.000000;;,
   5440;16;0.000750,-0.045616,-0.391049,0.000000,-0.393577,-0.009877,0.000397,0.000000,-0.009857,0.390924,-0.045621,0.000000,-0.432999,87.176877,52.819101,1.000000;;,
   5600;16;0.000580,-0.043745,-0.391262,0.000000,-0.393613,-0.008293,0.000343,0.000000,-0.008280,0.391175,-0.043748,0.000000,-0.362194,87.852045,52.838256,1.000000;;,
   5760;16;0.000424,-0.041871,-0.391468,0.000000,-0.393643,-0.006734,0.000294,0.000000,-0.006727,0.391410,-0.041872,0.000000,-0.291933,88.527795,52.857421,1.000000;;,
   5920;16;0.000283,-0.039996,-0.391664,0.000000,-0.393667,-0.005162,0.000242,0.000000,-0.005160,0.391630,-0.039996,0.000000,-0.221400,89.203258,52.876586,1.000000;;,
   6080;16;0.000163,-0.038124,-0.391851,0.000000,-0.393685,-0.003541,0.000181,0.000000,-0.003541,0.391835,-0.038124,0.000000,-0.149778,89.877542,52.895715,1.000000;;,
   6240;16;0.000067,-0.036258,-0.392028,0.000000,-0.393697,-0.001832,0.000103,0.000000,-0.001834,0.392023,-0.036258,0.000000,-0.076250,90.549798,52.914787,1.000000;;,
   6400;16;-0.000000,-0.034403,-0.392195,0.000000,-0.393701,-0.000000,0.000000,0.000000,-0.000000,0.392195,-0.034403,0.000000,0.000000,91.219162,52.933776,1.000000;;;
  }
 }

 Animation {
  
  { Spine }

  AnimationKey  {
   4;
   37;
   0;16;0.859841,-0.000000,0.510562,0.000000,0.000000,1.000000,0.000000,0.000000,-0.510562,0.000000,0.859841,0.000000,126.060595,0.000000,0.000000,1.000000;;,
   800;16;0.859841,-0.000000,0.510562,0.000000,0.000000,1.000000,0.000000,0.000000,-0.510562,0.000000,0.859841,0.000000,126.060595,0.000000,0.000000,1.000000;;,
   960;16;0.859841,-0.000000,0.510562,0.000000,-0.000000,1.000000,0.000000,0.000000,-0.510562,0.000000,0.859841,0.000000,124.153626,0.000000,-0.200119,1.000000;;,
   1120;16;0.859841,-0.000000,0.510562,0.000000,0.000000,1.000000,0.000000,0.000000,-0.510562,0.000000,0.859841,0.000000,119.606221,0.000000,-0.677307,1.000000;;,
   1280;16;0.859841,0.000000,0.510562,0.000000,0.000000,1.000000,0.000000,0.000000,-0.510562,0.000000,0.859841,0.000000,114.178662,0.000000,-1.246887,1.000000;;,
   1440;16;0.859841,0.000000,0.510562,0.000000,0.000000,1.000000,-0.000000,0.000000,-0.510562,0.000000,0.859841,0.000000,109.631258,0.000000,-1.724121,1.000000;;,
   1600;16;0.859841,0.000000,0.510562,0.000000,-0.000000,1.000000,0.000000,0.000000,-0.510562,0.000000,0.859841,0.000000,107.724275,0.000001,-1.924225,1.000000;;,
   1760;16;0.875816,0.012017,0.482495,0.000000,-0.017117,0.999834,0.006169,0.000000,-0.482341,-0.013661,0.875877,0.000000,109.084416,-0.000000,-1.803452,1.000000;;,
   1920;16;0.910465,0.045749,0.411047,0.000000,-0.059875,0.997973,0.021550,0.000000,-0.409228,-0.044231,0.911359,0.000000,112.484224,0.000000,-1.494995,1.000000;;,
   2080;16;0.943740,0.096451,0.316308,0.000000,-0.115283,0.992473,0.041325,0.000000,-0.309941,-0.075465,0.947756,0.000000,116.902746,0.000000,-1.079636,1.000000;;,
   2240;16;0.963233,0.153206,0.220705,0.000000,-0.170330,0.983519,0.060655,0.000000,-0.207775,-0.096018,0.973452,0.000000,121.318938,0.000000,-0.638153,1.000000;;,
   2400;16;0.968706,0.199744,0.147342,0.000000,-0.212321,0.974311,0.075089,0.000000,-0.128558,-0.104023,0.986231,0.000000,124.711898,0.000000,-0.251358,1.000000;;,
   2560;16;0.968582,0.218826,0.118166,0.000000,-0.229011,0.970070,0.080733,0.000000,-0.096963,-0.105258,0.989706,0.000000,126.060582,0.000000,0.000015,1.000000;;,
   2720;16;0.968641,0.218586,0.118129,0.000000,-0.228759,0.970137,0.080648,0.000000,-0.096973,-0.105142,0.989717,0.000000,125.969165,0.000002,0.614029,1.000000;;,
   2880;16;0.968816,0.217853,0.118051,0.000000,-0.227991,0.970339,0.080390,0.000000,-0.097037,-0.104797,0.989748,0.000000,125.736934,-0.000002,2.056778,1.000000;;,
   3040;16;0.969104,0.216604,0.117981,0.000000,-0.226690,0.970680,0.079952,0.000000,-0.097204,-0.104227,0.989792,0.000000,125.385664,-0.000002,4.199051,1.000000;;,
   3200;16;0.969503,0.214819,0.117969,0.000000,-0.224839,0.971161,0.079328,0.000000,-0.097526,-0.103432,0.989844,0.000000,124.937203,0.000002,6.911819,1.000000;;,
   3360;16;0.970008,0.212474,0.118066,0.000000,-0.222420,0.971785,0.078511,0.000000,-0.098053,-0.102417,0.989897,0.000000,124.413312,0.000000,10.065979,1.000000;;,
   3520;16;0.970612,0.209550,0.118323,0.000000,-0.219415,0.972549,0.077495,0.000000,-0.098835,-0.101180,0.989946,0.000000,123.835827,0.000000,13.532440,1.000000;;,
   3680;16;0.971310,0.206025,0.118792,0.000000,-0.215807,0.973452,0.076273,0.000000,-0.099925,-0.099721,0.989985,0.000000,123.226573,0.000000,17.182083,1.000000;;,
   3840;16;0.972090,0.201877,0.119529,0.000000,-0.211578,0.974492,0.074837,0.000000,-0.101372,-0.098038,0.990006,0.000000,122.607309,0.000000,20.885834,1.000000;;,
   4000;16;0.972942,0.197087,0.120587,0.000000,-0.206708,0.975662,0.073179,0.000000,-0.103229,-0.096125,0.990002,0.000000,121.999872,0.000000,24.514557,1.000000;;,
   4160;16;0.973851,0.191635,0.122021,0.000000,-0.201179,0.976957,0.071291,0.000000,-0.105548,-0.093975,0.989964,0.000000,121.426061,0.000002,27.939226,1.000000;;,
   4320;16;0.974802,0.185503,0.123891,0.000000,-0.194972,0.978367,0.069164,0.000000,-0.108381,-0.091577,0.989882,0.000000,120.907699,0.000000,31.030717,1.000000;;,
   4480;16;0.975774,0.178673,0.126253,0.000000,-0.188067,0.979882,0.066790,0.000000,-0.111780,-0.088917,0.989747,0.000000,120.466547,0.000000,33.659914,1.000000;;,
   4640;16;0.976745,0.171130,0.129168,0.000000,-0.180446,0.981490,0.064161,0.000000,-0.115798,-0.085977,0.989545,0.000000,120.124442,0.000000,35.697770,1.000000;;,
   4800;16;0.977685,0.162859,0.132698,0.000000,-0.172089,0.983174,0.061266,0.000000,-0.120487,-0.082734,0.989261,0.000000,119.903194,-0.000000,37.015136,1.000000;;,
   4960;16;0.978564,0.153848,0.136904,0.000000,-0.162975,0.984918,0.058096,0.000000,-0.125901,-0.079163,0.988879,0.000000,119.824614,0.000000,37.482941,1.000000;;,
   5120;16;0.978483,0.142189,0.149505,0.000000,-0.151693,0.986943,0.054156,0.000000,-0.139853,-0.075670,0.987277,0.000000,119.970022,-0.000001,36.608870,1.000000;;,
   5280;16;0.976153,0.126678,0.176288,0.000000,-0.137252,0.989319,0.049086,0.000000,-0.168187,-0.072112,0.983114,0.000000,120.372083,0.000000,34.192259,1.000000;;,
   5440;16;0.970725,0.108394,0.214345,0.000000,-0.120263,0.991806,0.043089,0.000000,-0.207918,-0.067606,0.975807,0.000000,120.979418,0.000001,30.541642,1.000000;;,
   5600;16;0.961366,0.088463,0.260670,0.000000,-0.101346,0.994186,0.036375,0.000000,-0.255937,-0.061387,0.964742,0.000000,121.740736,0.000000,25.965546,1.000000;;,
   5760;16;0.947582,0.068024,0.312186,0.000000,-0.081127,0.996277,0.029163,0.000000,-0.309040,-0.052961,0.949573,0.000000,122.604736,-0.000000,20.772430,1.000000;;,
   5920;16;0.929441,0.048159,0.365813,0.000000,-0.060242,0.997948,0.021681,0.000000,-0.364019,-0.042189,0.930436,0.000000,123.520000,0.000000,15.270843,1.000000;;,
   6080;16;0.907698,0.029796,0.418565,0.000000,-0.039330,0.999126,0.014167,0.000000,-0.417777,-0.029322,0.908077,0.000000,124.435315,-0.000000,9.769226,1.000000;;,
   6240;16;0.883808,0.013618,0.467652,0.000000,-0.019035,0.999795,0.006860,0.000000,-0.467462,-0.014965,0.883886,0.000000,125.299290,0.000000,4.576111,1.000000;;,
   6400;16;0.859841,-0.000000,0.510562,0.000000,0.000000,1.000000,0.000000,0.000000,-0.510562,-0.000000,0.859841,0.000000,126.060595,0.000000,0.000000,1.000000;;;
  }
 }

 Animation {
  
  { Chest }

  AnimationKey  {
   4;
   38;
   0;16;0.998870,0.000000,-0.047531,0.000000,0.000000,1.000000,-0.000000,0.000000,0.047531,0.000000,0.998870,0.000000,96.567725,0.000000,0.000015,1.000000;;,
   640;16;0.998870,0.000000,-0.047531,0.000000,0.000000,1.000000,-0.000000,0.000000,0.047531,0.000000,0.998870,0.000000,96.567725,0.000000,0.000015,1.000000;;,
   800;16;0.993576,0.112625,-0.011037,0.000000,-0.112563,0.993626,0.006071,0.000000,0.011651,-0.004790,0.999921,0.000000,96.567725,0.000000,0.000015,1.000000;;,
   960;16;0.948015,0.314761,0.046841,0.000000,-0.315943,0.948562,0.020253,0.000000,-0.038057,-0.033999,0.998697,0.000000,96.567744,0.000000,0.000015,1.000000;;,
   1120;16;0.906213,0.416454,0.073104,0.000000,-0.419431,0.907260,0.030941,0.000000,-0.053439,-0.058701,0.996844,0.000000,96.567731,-0.000002,-0.000015,1.000000;;,
   1280;16;0.913443,0.400247,0.073650,0.000000,-0.402867,0.914933,0.024404,0.000000,-0.057617,-0.051963,0.996986,0.000000,96.567718,0.000000,0.000000,1.000000;;,
   1440;16;0.931375,0.356173,0.075379,0.000000,-0.357676,0.933820,0.007023,0.000000,-0.067889,-0.033502,0.997130,0.000000,96.567731,0.000000,0.000015,1.000000;;,
   1600;16;0.953523,0.290894,0.078576,0.000000,-0.290410,0.956737,-0.017769,0.000000,-0.080346,-0.005877,0.996750,0.000000,96.567725,0.000000,0.000015,1.000000;;,
   1760;16;0.973780,0.211669,0.083364,0.000000,-0.208372,0.976942,-0.046544,0.000000,-0.091294,0.027953,0.995432,0.000000,96.567750,0.000000,0.000015,1.000000;;,
   1920;16;0.987894,0.126759,0.089426,0.000000,-0.120125,0.989842,-0.076044,0.000000,-0.098157,0.064381,0.993086,0.000000,96.567731,0.000000,0.000000,1.000000;;,
   2080;16;0.994363,0.045176,0.095928,0.000000,-0.035195,0.994027,-0.103301,0.000000,-0.100022,0.099342,0.990014,0.000000,96.567731,0.000000,0.000000,1.000000;;,
   2240;16;0.994539,-0.023921,0.101584,0.000000,0.036682,0.991394,-0.125673,0.000000,-0.097703,0.128713,0.986857,0.000000,96.567731,0.000003,0.000000,1.000000;;,
   2400;16;0.991901,-0.071734,0.104819,0.000000,0.086205,0.986280,-0.140786,0.000000,-0.093282,0.148681,0.984476,0.000000,96.567731,-0.000004,0.000000,1.000000;;,
   2560;16;0.990508,-0.089873,0.104007,0.000000,0.104622,0.983685,-0.146353,0.000000,-0.089157,0.155845,0.983750,0.000000,96.567731,-0.000001,0.000015,1.000000;;,
   2720;16;0.991238,-0.087652,0.098814,0.000000,0.101528,0.984136,-0.145496,0.000000,-0.084493,0.154253,0.984412,0.000000,96.600934,0.075494,0.843124,1.000000;;,
   2880;16;0.992601,-0.081327,0.090163,0.000000,0.093736,0.985237,-0.143258,0.000000,-0.077181,0.150650,0.985570,0.000000,96.680109,0.255525,2.853653,1.000000;;,
   3040;16;0.994243,-0.072987,0.078448,0.000000,0.083483,0.986606,-0.140139,0.000000,-0.067169,0.145882,0.987019,0.000000,96.774560,0.470402,5.253281,1.000000;;,
   3200;16;0.995844,-0.064738,0.064063,0.000000,0.073013,0.987926,-0.136643,0.000000,-0.054444,0.140753,0.988547,0.000000,96.853709,0.650435,7.263794,1.000000;;,
   3360;16;0.997148,-0.058725,0.047402,0.000000,0.064580,0.988972,-0.133285,0.000000,-0.039052,0.135966,0.989943,0.000000,96.886899,0.725934,8.106903,1.000000;;,
   3520;16;0.998163,-0.055752,0.023722,0.000000,0.058373,0.989799,-0.129965,0.000000,-0.016234,0.131110,0.991235,0.000000,96.969466,0.654987,5.967026,1.000000;;,
   3680;16;0.998496,-0.054346,-0.007261,0.000000,0.052999,0.990598,-0.126124,0.000000,0.014047,0.125550,0.991988,0.000000,97.166362,0.485380,0.864243,1.000000;;,
   3840;16;0.997835,-0.053363,-0.038438,0.000000,0.048335,0.991402,-0.121596,0.000000,0.044596,0.119475,0.991835,0.000000,97.401376,0.281943,-5.226166,1.000000;;,
   4000;16;0.996688,-0.051803,-0.062685,0.000000,0.044263,0.992238,-0.116213,0.000000,0.068219,0.113053,0.991244,0.000000,97.598285,0.109512,-10.328979,1.000000;;,
   4160;16;0.996142,-0.048845,-0.072907,0.000000,0.040661,0.993122,-0.109803,0.000000,0.077768,0.106415,0.991276,0.000000,97.680858,0.032926,-12.468826,1.000000;;,
   4320;16;0.996286,-0.044993,-0.073416,0.000000,0.037322,0.994011,-0.102707,0.000000,0.077597,0.099585,0.991999,0.000000,97.669875,0.026517,-12.346146,1.000000;;,
   4480;16;0.996459,-0.041194,-0.073302,0.000000,0.034111,0.994855,-0.095395,0.000000,0.076855,0.092556,0.992737,0.000000,97.638656,0.021310,-11.996262,1.000000;;,
   4640;16;0.996655,-0.037454,-0.072631,0.000000,0.031012,0.995647,-0.087891,0.000000,0.075607,0.085344,0.993479,0.000000,97.589568,0.017158,-11.446411,1.000000;;,
   4800;16;0.996871,-0.033778,-0.071468,0.000000,0.028010,0.996384,-0.080221,0.000000,0.073919,0.077968,0.994212,0.000000,97.525075,0.013917,-10.723938,1.000000;;,
   4960;16;0.997100,-0.030166,-0.069878,0.000000,0.025090,0.997060,-0.072410,0.000000,0.071857,0.070447,0.994924,0.000000,97.447603,0.012062,-9.856034,1.000000;;,
   5120;16;0.997335,-0.026621,-0.067928,0.000000,0.022238,0.997671,-0.064484,0.000000,0.069486,0.062802,0.995604,0.000000,97.359558,0.010401,-8.869965,1.000000;;,
   5280;16;0.997572,-0.023140,-0.065685,0.000000,0.019437,0.998215,-0.056468,0.000000,0.066874,0.055054,0.996241,0.000000,97.263437,0.008822,-7.793030,1.000000;;,
   5440;16;0.997805,-0.019721,-0.063216,0.000000,0.016673,0.998690,-0.048388,0.000000,0.064088,0.047228,0.996826,0.000000,97.161594,0.007198,-6.652466,1.000000;;,
   5600;16;0.998029,-0.016358,-0.060591,0.000000,0.013930,0.999092,-0.040269,0.000000,0.061195,0.039346,0.997350,0.000000,97.056550,0.007199,-5.475571,1.000000;;,
   5760;16;0.998239,-0.013042,-0.057878,0.000000,0.011194,0.999421,-0.032138,0.000000,0.058264,0.031433,0.997806,0.000000,96.950682,0.007199,-4.289581,1.000000;;,
   5920;16;0.998431,-0.009762,-0.055146,0.000000,0.008448,0.999676,-0.024019,0.000000,0.055362,0.023516,0.998189,0.000000,96.846413,0.007199,-3.121750,1.000000;;,
   6080;16;0.998602,-0.006506,-0.052464,0.000000,0.005677,0.999857,-0.015939,0.000000,0.052560,0.015619,0.998496,0.000000,96.746214,0.007199,-1.999390,1.000000;;,
   6240;16;0.998749,-0.003258,-0.049902,0.000000,0.002866,0.999965,-0.007925,0.000000,0.049926,0.007772,0.998723,0.000000,96.652512,0.007200,-0.949707,1.000000;;,
   6400;16;0.998870,0.000000,-0.047531,0.000000,0.000000,1.000000,0.000000,0.000000,0.047531,0.000000,0.998870,0.000000,96.567731,0.007200,-0.000015,1.000000;;;
  }
 }

 Animation {
  
  { Neck }

  AnimationKey  {
   4;
   37;
   0;16;0.803122,0.000000,0.595814,0.000000,-0.000000,1.000000,0.000000,0.000000,-0.595814,-0.000000,0.803122,0.000000,70.586182,0.000000,0.000046,1.000000;;,
   800;16;0.803122,0.000000,0.595814,0.000000,-0.000000,1.000000,0.000000,0.000000,-0.595814,-0.000000,0.803122,0.000000,70.586182,0.000000,0.000046,1.000000;;,
   960;16;0.794610,0.011562,0.607010,0.000000,-0.021510,0.999727,0.009114,0.000000,-0.606739,-0.020299,0.794642,0.000000,70.586163,0.000000,0.000015,1.000000;;,
   1120;16;0.772976,0.034797,0.633481,0.000000,-0.068773,0.997207,0.029141,0.000000,-0.630697,-0.066091,0.773209,0.000000,70.586150,-0.000004,0.000015,1.000000;;,
   1280;16;0.745518,0.054192,0.664279,0.000000,-0.115854,0.992052,0.049091,0.000000,-0.656339,-0.113557,0.745871,0.000000,70.586150,0.000002,0.000015,1.000000;;,
   1440;16;0.722591,0.059752,0.688688,0.000000,-0.137161,0.988842,0.058119,0.000000,-0.677531,-0.136458,0.722725,0.000000,70.586163,-0.000002,0.000031,1.000000;;,
   1600;16;0.704521,0.056093,0.707463,0.000000,-0.137043,0.988861,0.058069,0.000000,-0.696326,-0.137864,0.704361,0.000000,70.586182,0.000000,0.000000,1.000000;;,
   1760;16;0.686451,0.052218,0.725299,0.000000,-0.136218,0.988996,0.057720,0.000000,-0.714304,-0.138421,0.686010,0.000000,70.586163,-0.000006,0.000031,1.000000;;,
   1920;16;0.672512,0.048696,0.738483,0.000000,-0.133979,0.989357,0.056771,0.000000,-0.727858,-0.137120,0.671878,0.000000,70.586157,0.000000,0.000015,1.000000;;,
   2080;16;0.667071,0.046083,0.743568,0.000000,-0.129615,0.990042,0.054922,0.000000,-0.733633,-0.133014,0.666401,0.000000,70.586157,0.000000,0.000015,1.000000;;,
   2240;16;0.691421,0.047255,0.720905,0.000000,-0.121370,0.991274,0.051428,0.000000,-0.712184,-0.123054,0.691123,0.000000,70.586163,0.000002,0.000015,1.000000;;,
   2400;16;0.746427,0.051476,0.663473,0.000000,-0.109840,0.992859,0.046543,0.000000,-0.656339,-0.107617,0.746751,0.000000,70.586150,-0.000002,0.000015,1.000000;;,
   2560;16;0.806586,0.054839,0.588567,0.000000,-0.097862,0.994336,0.041467,0.000000,-0.582960,-0.091045,0.807384,0.000000,70.586157,0.000000,0.000015,1.000000;;,
   2720;16;0.852475,0.056076,0.519752,0.000000,-0.088285,0.995393,0.037409,0.000000,-0.515259,-0.077776,0.853498,0.000000,70.586176,0.000002,0.000015,1.000000;;,
   2880;16;0.888562,0.057307,0.455163,0.000000,-0.082045,0.996022,0.034765,0.000000,-0.451360,-0.068235,0.889729,0.000000,70.586176,-0.000004,0.000015,1.000000;;,
   3040;16;0.920899,0.058982,0.385312,0.000000,-0.077574,0.996445,0.032870,0.000000,-0.382004,-0.060160,0.922200,0.000000,70.586163,-0.000006,0.000031,1.000000;;,
   3200;16;0.942523,0.059603,0.328781,0.000000,-0.073967,0.996768,0.031342,0.000000,-0.325850,-0.053859,0.943886,0.000000,70.586157,-0.000002,0.000015,1.000000;;,
   3360;16;0.950438,0.057902,0.305474,0.000000,-0.070321,0.997079,0.029797,0.000000,-0.302856,-0.049801,0.951734,0.000000,70.586163,0.000000,0.000015,1.000000;;,
   3520;16;0.948434,0.054330,0.312285,0.000000,-0.066399,0.997397,0.028135,0.000000,-0.309943,-0.047419,0.949572,0.000000,70.586163,0.000000,0.000000,1.000000;;,
   3680;16;0.942320,0.050293,0.330914,0.000000,-0.062556,0.997689,0.026507,0.000000,-0.328816,-0.045679,0.943289,0.000000,70.586182,-0.000002,0.000031,1.000000;;,
   3840;16;0.932477,0.045981,0.358291,0.000000,-0.058780,0.997960,0.024907,0.000000,-0.356415,-0.044285,0.933278,0.000000,70.586176,-0.000001,0.000015,1.000000;;,
   4000;16;0.919315,0.041558,0.391322,0.000000,-0.055054,0.998211,0.023328,0.000000,-0.389652,-0.042990,0.919958,0.000000,70.586176,-0.000001,0.000015,1.000000;;,
   4160;16;0.903501,0.037174,0.426971,0.000000,-0.051366,0.998443,0.021765,0.000000,-0.425497,-0.041596,0.904003,0.000000,70.586163,0.000002,0.000031,1.000000;;,
   4320;16;0.886090,0.032965,0.462339,0.000000,-0.047699,0.998657,0.020212,0.000000,-0.461052,-0.039962,0.886473,0.000000,70.586163,-0.000001,0.000031,1.000000;;,
   4480;16;0.868566,0.029053,0.494722,0.000000,-0.044041,0.998856,0.018661,0.000000,-0.493614,-0.037996,0.868851,0.000000,70.586176,0.000004,0.000015,1.000000;;,
   4640;16;0.852786,0.025532,0.521636,0.000000,-0.040375,0.999038,0.017108,0.000000,-0.520697,-0.035651,0.852997,0.000000,70.586163,-0.000002,0.000000,1.000000;;,
   4800;16;0.840865,0.022461,0.540778,0.000000,-0.036689,0.999206,0.015546,0.000000,-0.539999,-0.032913,0.841022,0.000000,70.586150,0.000001,0.000031,1.000000;;,
   4960;16;0.832588,0.019744,0.553541,0.000000,-0.032994,0.999358,0.013980,0.000000,-0.552910,-0.029903,0.832704,0.000000,70.586144,0.000000,0.000015,1.000000;;,
   5120;16;0.826135,0.017228,0.563209,0.000000,-0.029310,0.999493,0.012419,0.000000,-0.562710,-0.026767,0.826221,0.000000,70.586157,-0.000003,0.000000,1.000000;;,
   5280;16;0.821253,0.014863,0.570371,0.000000,-0.025635,0.999612,0.010862,0.000000,-0.569989,-0.023542,0.821316,0.000000,70.586182,-0.000000,0.000015,1.000000;;,
   5440;16;0.817641,0.012607,0.575590,0.000000,-0.021967,0.999715,0.009308,0.000000,-0.575309,-0.020255,0.817685,0.000000,70.586163,-0.000001,0.000015,1.000000;;,
   5600;16;0.814970,0.010426,0.579409,0.000000,-0.018305,0.999802,0.007756,0.000000,-0.579214,-0.016927,0.815000,0.000000,70.586176,0.000001,0.000015,1.000000;;,
   5760;16;0.812890,0.008292,0.582359,0.000000,-0.014645,0.999873,0.006206,0.000000,-0.582234,-0.013573,0.812908,0.000000,70.586163,0.000001,0.000000,1.000000;;,
   5920;16;0.811039,0.006188,0.584960,0.000000,-0.010987,0.999929,0.004656,0.000000,-0.584890,-0.010203,0.811049,0.000000,70.586163,-0.000001,0.000000,1.000000;;,
   6080;16;0.809047,0.004104,0.587731,0.000000,-0.007329,0.999968,0.003105,0.000000,-0.587699,-0.006820,0.809051,0.000000,70.586150,0.000000,0.000015,1.000000;;,
   6240;16;0.806537,0.002039,0.591180,0.000000,-0.003667,0.999992,0.001554,0.000000,-0.591173,-0.003421,0.806538,0.000000,70.586182,0.000000,0.000015,1.000000;;,
