xof 0303txt 0032
template ColorRGBA {
 <35ff44e0-6c7c-11cf-8f52-0040333594a3>
 FLOAT red;
 FLOAT green;
 FLOAT blue;
 FLOAT alpha;
}

template ColorRGB {
 <d3e16e81-7835-11cf-8f52-0040333594a3>
 FLOAT red;
 FLOAT green;
 FLOAT blue;
}

template Material {
 <3d82ab4d-62da-11cf-ab39-0020af71e433>
 ColorRGBA faceColor;
 FLOAT power;
 ColorRGB specularColor;
 ColorRGB emissiveColor;
 [...]
}

template TextureFilename {
 <a42790e1-7810-11cf-8f52-0040333594a3>
 STRING filename;
}

template Frame {
 <3d82ab46-62da-11cf-ab39-0020af71e433>
 [...]
}

template Matrix4x4 {
 <f6f23f45-7686-11cf-8f52-0040333594a3>
 array FLOAT matrix[16];
}

template FrameTransformMatrix {
 <f6f23f41-7686-11cf-8f52-0040333594a3>
 Matrix4x4 frameMatrix;
}

template Vector {
 <3d82ab5e-62da-11cf-ab39-0020af71e433>
 FLOAT x;
 FLOAT y;
 FLOAT z;
}

template MeshFace {
 <3d82ab5f-62da-11cf-ab39-0020af71e433>
 DWORD nFaceVertexIndices;
 array DWORD faceVertexIndices[nFaceVertexIndices];
}

template Mesh {
 <3d82ab44-62da-11cf-ab39-0020af71e433>
 DWORD nVertices;
 array Vector vertices[nVertices];
 DWORD nFaces;
 array MeshFace faces[nFaces];
 [...]
}

template MeshNormals {
 <f6f23f43-7686-11cf-8f52-0040333594a3>
 DWORD nNormals;
 array Vector normals[nNormals];
 DWORD nFaceNormals;
 array MeshFace faceNormals[nFaceNormals];
}

template MeshMaterialList {
 <f6f23f42-7686-11cf-8f52-0040333594a3>
 DWORD nMaterials;
 DWORD nFaceIndexes;
 array DWORD faceIndexes[nFaceIndexes];
 [Material <3d82ab4d-62da-11cf-ab39-0020af71e433>]
}

template Coords2d {
 <f6f23f44-7686-11cf-8f52-0040333594a3>
 FLOAT u;
 FLOAT v;
}

template MeshTextureCoords {
 <f6f23f40-7686-11cf-8f52-0040333594a3>
 DWORD nTextureCoords;
 array Coords2d textureCoords[nTextureCoords];
}

template XSkinMeshHeader {
 <3cf169ce-ff7c-44ab-93c0-f78f62d172e2>
 WORD nMaxSkinWeightsPerVertex;
 WORD nMaxSkinWeightsPerFace;
 WORD nBones;
}

template SkinWeights {
 <6f0d123b-bad2-4167-a0d0-80224f25fabb>
 STRING transformNodeName;
 DWORD nWeights;
 array DWORD vertexIndices[nWeights];
 array FLOAT weights[nWeights];
 Matrix4x4 matrixOffset;
}

template AnimTicksPerSecond {
 <9e415a43-7ba6-4a73-8743-b73d47e88476>
 DWORD AnimTicksPerSecond;
}

template Animation {
 <3d82ab4f-62da-11cf-ab39-0020af71e433>
 [...]
}

template AnimationSet {
 <3d82ab50-62da-11cf-ab39-0020af71e433>
 [Animation <3d82ab4f-62da-11cf-ab39-0020af71e433>]
}

template FloatKeys {
 <10dd46a9-775b-11cf-8f52-0040333594a3>
 DWORD nValues;
 array FLOAT values[nValues];
}

template TimedFloatKeys {
 <f406b180-7b3b-11cf-8f52-0040333594a3>
 DWORD time;
 FloatKeys tfkeys;
}

template AnimationKey {
 <10dd46a8-775b-11cf-8f52-0040333594a3>
 DWORD keyType;
 DWORD nKeys;
 array TimedFloatKeys keys[nKeys];
}


Material _01_-_Default {
 1.000000;1.000000;1.000000;1.000000;;
 9.999999;
 0.000000;0.000000;0.000000;;
 0.000000;0.000000;0.000000;;

 TextureFilename {
  "arthur_01.png";
 }
}

Frame movement {
 

 FrameTransformMatrix {
  39.370080,0.000000,0.000000,0.000000,0.000000,39.370080,0.000000,0.000000,0.000000,0.000000,39.370080,0.000000,0.000000,0.000000,0.000000,1.000000;;
 }

 Frame Bip001__ {
  

  FrameTransformMatrix {
   -0.537333,0.000003,-0.843370,0.000000,0.000002,1.000000,0.000002,0.000000,0.843370,0.000000,-0.537333,0.000000,0.010649,1.460967,0.006304,1.000000;;
  }

  Frame Bip001_Pelvis {
   

   FrameTransformMatrix {
    -0.000000,1.000000,0.000000,0.000000,-0.000002,-0.000000,1.000000,0.000000,1.000000,0.000000,0.000002,0.000000,0.000000,0.000000,0.000000,1.000000;;
   }

   Frame Bip001_Spine {
    

    FrameTransformMatrix {
     0.994533,-0.006332,-0.104239,0.000000,0.006298,0.999980,-0.000662,0.000000,0.104241,0.000002,0.994552,0.000000,0.156320,-0.000000,-0.000008,1.000000;;
    }

    Frame Bip001_Spine1 {
     

     FrameTransformMatrix {
      0.999893,0.002169,-0.014470,0.000000,-0.003414,0.996242,-0.086546,0.000000,0.014228,0.086586,0.996143,0.000000,0.276937,-0.000049,-0.000565,1.000000;;
     }

     Frame Bip001_Neck {
      

      FrameTransformMatrix {
       0.960118,0.038306,0.276959,0.000000,0.030321,0.970464,-0.239335,0.000000,-0.277947,0.238187,0.930598,0.000000,0.722307,-0.000023,-0.044439,1.000000;;
      }

      Frame Bip001_Head {
       

       FrameTransformMatrix {
        0.986425,0.127637,0.103317,0.000000,-0.110864,0.981771,-0.154388,0.000000,-0.121139,0.140838,0.982594,0.000000,0.075872,0.000005,-0.018761,1.000000;;
       }

       Frame hair_fr_01_ {
        

        FrameTransformMatrix {
         -0.894443,0.015567,0.446910,0.000000,-0.088915,-0.985630,-0.143623,0.000000,0.438252,-0.168200,0.882974,0.000000,0.159652,-0.119907,0.108295,1.000000;;
        }

        Frame hair_fr_02_ {
         

         FrameTransformMatrix {
          0.954925,-0.103077,0.278378,0.000000,0.098968,0.994674,0.028810,0.000000,-0.279865,0.000039,0.960039,0.000000,0.180367,-0.000000,0.000000,1.000000;;
         }

         Frame hair_fr_03_ {
          

          FrameTransformMatrix {
           0.983861,-0.078354,0.160870,0.000000,0.077357,0.996926,0.012461,0.000000,-0.161352,0.000184,0.986897,0.000000,0.180994,0.000000,0.000000,1.000000;;
          }
         }
        }
       }

       Frame hair_r_05_ {
        

        FrameTransformMatrix {
         0.155346,-0.184852,-0.970411,0.000000,-0.791512,-0.611068,-0.010306,0.000000,-0.591082,0.769692,-0.241239,0.000000,0.177948,-0.125622,-0.061386,1.000000;;
        }

        Frame hair_r_06_ {
         

         FrameTransformMatrix {
          0.926423,0.256007,0.276047,0.000000,-0.188043,0.949858,-0.249820,0.000000,-0.326161,0.179530,0.928110,0.000000,0.144524,0.000000,0.000000,1.000000;;
         }

         Frame hair_r_07_ {
          

          FrameTransformMatrix {
           0.922671,0.273521,0.271780,0.000000,-0.247824,0.960647,-0.125459,0.000000,-0.295401,0.048404,0.954146,0.000000,0.176333,-0.000000,0.000000,1.000000;;
          }
         }
        }
       }

       Frame hair_r_01_ {
        

        FrameTransformMatrix {
         -0.201361,-0.545538,-0.813536,0.000000,0.820031,0.360364,-0.444620,0.000000,0.535727,-0.756654,0.374794,0.000000,0.162430,-0.147179,0.020928,1.000000;;
        }

        Frame hair_r_02_ {
         

         FrameTransformMatrix {
          0.986086,-0.022266,-0.164738,0.000000,0.034949,0.996608,0.074500,0.000000,0.162520,-0.079221,0.983520,0.000000,0.135738,0.000000,0.000000,1.000000;;
         }

         Frame hair_r_03_ {
          

          FrameTransformMatrix {
           0.998021,0.025946,-0.057285,0.000000,-0.037167,0.978163,-0.204483,0.000000,0.050728,0.206208,0.977193,0.000000,0.129615,-0.000001,-0.000000,1.000000;;
          }

          Frame hair_r_04_ {
           

           FrameTransformMatrix {
            0.991950,0.060333,-0.111336,0.000000,0.079116,-0.981764,0.172860,0.000000,-0.098877,-0.180277,-0.978634,0.000000,0.158446,0.000000,0.000000,1.000000;;
           }
          }
         }
        }
       }

       Frame hair_bc_01_ {
        

        FrameTransformMatrix {
         -0.634692,-0.000031,-0.772766,0.000000,-0.000003,-1.000000,0.000042,0.000000,-0.772765,0.000029,0.634692,0.000000,0.144506,-0.000015,-0.158677,1.000000;;
        }

        Frame hair_bc_02_ {
         

         FrameTransformMatrix {
          0.978332,-0.000000,0.207042,0.000000,-0.000000,1.000000,-0.000000,0.000000,-0.207042,0.000000,0.978332,0.000000,0.149821,-0.000000,0.000000,1.000000;;
         }

         Frame hair_bc_03_ {
          

          FrameTransformMatrix {
           0.997566,0.000000,0.069725,0.000000,0.000000,1.000000,0.000000,0.000000,-0.069725,0.000000,0.997566,0.000000,0.215520,0.000000,0.000000,1.000000;;
          }

          Frame hair_bc_04_ {
           

           FrameTransformMatrix {
            0.992480,0.000000,0.122405,0.000000,0.000000,1.000000,-0.000000,0.000000,-0.122405,-0.000000,0.992480,0.000000,0.182449,0.000000,0.000000,1.000000;;
           }
          }
         }
        }
       }

       Frame hair_br_01_ {
        

        FrameTransformMatrix {
         -0.685967,-0.042286,-0.726402,0.000000,-0.337466,-0.865961,0.369091,0.000000,-0.644643,0.498321,0.579751,0.000000,0.172848,-0.073662,-0.182171,1.000000;;
        }

        Frame hair_br_02_ {
         

         FrameTransformMatrix {
          0.995683,0.000000,-0.092815,0.000000,0.000000,1.000000,0.000000,0.000000,0.092815,-0.000000,0.995683,0.000000,0.132106,0.000000,0.000000,1.000000;;
         }

         Frame hair_br_03_ {
          

          FrameTransformMatrix {
           0.990734,-0.000000,-0.135817,0.000000,0.000000,1.000000,0.000000,0.000000,0.135817,-0.000000,0.990734,0.000000,0.222769,0.000000,-0.000002,1.000000;;
          }

          Frame hair_br_04_ {
           

           FrameTransformMatrix {
            0.996687,0.000000,-0.081336,0.000000,-0.000000,1.000000,-0.000000,0.000000,0.081336,0.000000,0.996687,0.000000,0.150841,0.000000,0.000000,1.000000;;
           }
          }
         }
        }
       }

       Frame hair_bl_01_ {
        

        FrameTransformMatrix {
         -0.259758,0.266499,-0.928172,0.000000,0.104067,-0.947843,-0.301271,0.000000,-0.960050,-0.174850,0.218476,0.000000,0.171817,0.065989,-0.186043,1.000000;;
        }

        Frame hair_bl_02_ {
         

         FrameTransformMatrix {
          0.968089,-0.000000,0.250607,0.000000,-0.000000,1.000000,0.000000,0.000000,-0.250607,0.000000,0.968089,0.000000,0.132106,-0.000000,0.000000,1.000000;;
         }

         Frame hair_bl_03_ {
          

          FrameTransformMatrix {
           0.997429,-0.000000,0.071657,0.000000,0.000000,1.000000,0.000000,0.000000,-0.071658,0.000000,0.997429,0.000000,0.222769,0.000000,-0.000002,1.000000;;
          }

          Frame hair_bl_04_ {
           

           FrameTransformMatrix {
            0.997079,0.000000,0.076381,0.000000,-0.000000,1.000000,-0.000000,0.000000,-0.076381,0.000000,0.997079,0.000000,0.150841,0.000000,0.000000,1.000000;;
           }
          }
         }
        }
       }

       Frame hair_fl_01_ {
        

        FrameTransformMatrix {
         -0.586551,0.266077,0.764958,0.000000,-0.223713,-0.960976,0.162721,0.000000,0.778403,-0.075687,0.623186,0.000000,0.159651,0.119996,0.108285,1.000000;;
        }

        Frame hair_fl_02_ {
         

         FrameTransformMatrix {
          0.936052,0.351670,-0.011600,0.000000,-0.351078,0.931259,-0.097478,0.000000,-0.023477,0.095317,0.995170,0.000000,0.180367,0.000000,0.000000,1.000000;;
         }

         Frame hair_fl_03_ {
          

          FrameTransformMatrix {
           0.890650,0.191144,-0.412560,0.000000,-0.221233,0.974876,-0.025935,0.000000,0.397238,0.114371,0.910561,0.000000,0.180994,0.000000,-0.000000,1.000000;;
          }
         }
        }
       }

       Frame hair_l_01_ {
        

        FrameTransformMatrix {
         0.394456,-0.505228,0.767561,0.000000,-0.826822,0.169333,0.536370,0.000000,-0.400962,-0.846210,-0.350938,0.000000,0.162429,0.146992,0.020916,1.000000;;
        }

        Frame hair_l_02_ {
         

         FrameTransformMatrix {
          0.987346,0.158573,0.001764,0.000000,-0.158463,0.986107,0.049831,0.000000,0.006163,-0.049481,0.998756,0.000000,-0.135738,-0.000000,0.000000,1.000000;;
         }

         Frame hair_l_03_ {
          

          FrameTransformMatrix {
           0.966497,0.232525,-0.108699,0.000000,-0.239104,0.969608,-0.051846,0.000000,0.093340,0.076099,0.992722,0.000000,-0.129615,0.000001,0.000000,1.000000;;
          }

          Frame hair_l_04_ {
           

           FrameTransformMatrix {
            0.952587,0.161097,-0.258122,0.000000,0.177682,-0.983187,0.042107,0.000000,-0.246998,-0.085974,-0.965195,0.000000,-0.158446,-0.000000,-0.000000,1.000000;;
           }
          }
         }
        }
       }

       Frame hair_l_05_ {
        

        FrameTransformMatrix {
         0.299533,0.000817,0.954086,0.000000,0.735179,-0.637567,-0.230262,0.000000,0.608106,0.770395,-0.191573,0.000000,0.177948,0.125989,-0.061397,1.000000;;
        }

        Frame hair_l_06_ {
         

         FrameTransformMatrix {
          0.932084,-0.081076,-0.353053,0.000000,0.087652,0.996148,0.002650,0.000000,0.351478,-0.033416,0.935600,0.000000,-0.144524,0.000000,0.000000,1.000000;;
         }

         Frame hair_l_07_ {
          

          FrameTransformMatrix {
           0.975848,0.065224,-0.208486,0.000000,-0.067342,0.997725,-0.003069,0.000000,0.207812,0.017035,0.978020,0.000000,-0.176333,0.000000,-0.000000,1.000000;;
          }
         }
        }
       }

       Frame mouse_ {
        

        FrameTransformMatrix {
         -0.475842,0.000035,0.879531,0.000000,0.000003,-1.000000,0.000042,0.000000,0.879531,0.000023,0.475842,0.000000,0.098531,-0.000006,0.071045,1.000000;;
        }
       }

       Frame eye_r_ {
        

        FrameTransformMatrix {
         0.405204,0.000040,0.914226,0.000000,0.000003,-1.000000,0.000042,0.000000,0.914226,-0.000014,-0.405204,0.000000,0.202055,-0.062585,0.138127,1.000000;;
        }
       }

       Frame eye_l_ {
        

        FrameTransformMatrix {
         0.405204,0.000040,0.914226,0.000000,0.000003,-1.000000,0.000042,0.000000,0.914226,-0.000014,-0.405204,0.000000,0.202055,0.062997,0.138122,1.000000;;
        }
       }
      }

      Frame Bip001_L_Clavicle {
       

       FrameTransformMatrix {
        -0.543021,0.742511,-0.392182,0.000000,0.812606,0.346934,-0.468304,0.000000,-0.211660,-0.572989,-0.791760,0.000000,-0.078769,0.172164,0.019540,1.000000;;
       }

       Frame Bip001_L_UpperArm {
        

        FrameTransformMatrix {
         0.963111,-0.266991,0.033654,0.000000,0.243411,0.810993,-0.532016,0.000000,0.114751,0.520582,0.846065,0.000000,0.136759,0.000000,0.000000,1.000000;;
        }

        Frame Bip001_L_Forearm {
         

         FrameTransformMatrix {
          0.767682,0.000000,-0.640831,0.000000,-0.000000,1.000000,0.000000,0.000000,0.640831,0.000000,0.767682,0.000000,0.530078,-0.000000,0.000000,1.000000;;
         }

         Frame Bip001_L_Hand {
          

          FrameTransformMatrix {
           0.753981,0.316404,-0.575674,0.000000,0.605184,-0.675396,0.421417,0.000000,-0.255470,-0.666129,-0.700719,0.000000,0.541670,0.000000,0.000000,1.000000;;
          }

          Frame Bip001_L_Finger0 {
           

           FrameTransformMatrix {
            0.660486,0.190427,0.726289,0.000000,0.695562,0.209095,-0.687366,0.000000,-0.282756,0.959175,0.005650,0.000000,0.056493,-0.104686,0.058404,1.000000;;
           }

           Frame Bip001_L_Finger01 {
            

            FrameTransformMatrix {
             0.834512,-0.000000,0.550991,0.000000,0.000000,1.000000,-0.000000,0.000000,-0.550991,0.000000,0.834512,0.000000,0.046105,0.000000,-0.000000,1.000000;;
            }
           }
          }

          Frame Bip001_L_Finger1 {
           

           FrameTransformMatrix {
            0.293502,-0.066499,0.953643,0.000000,0.086134,0.995360,0.042899,0.000000,-0.952070,0.069550,0.297868,0.000000,0.185428,-0.073636,-0.007124,1.000000;;
           }

           Frame Bip001_L_Finger11 {
            

            FrameTransformMatrix {
             0.365398,0.000000,0.930852,0.000000,0.000000,1.000000,0.000000,0.000000,-0.930852,0.000000,0.365398,0.000000,0.058239,0.000000,-0.000000,1.000000;;
            }
           }
          }

          Frame Bip001_L_Finger2 {
           

           FrameTransformMatrix {
            0.304853,0.037025,0.951679,0.000000,-0.074198,0.997130,-0.015025,0.000000,-0.949504,-0.066033,0.306726,0.000000,0.187981,-0.017065,-0.016823,1.000000;;
           }

           Frame Bip001_L_Finger21 {
            

            FrameTransformMatrix {
             0.165662,-0.000000,0.986182,0.000000,0.000000,1.000000,0.000000,0.000000,-0.986182,0.000000,0.165662,0.000000,0.073289,0.000000,-0.000000,1.000000;;
            }
           }
          }

          Frame Bip001_L_Finger3 {
           

           FrameTransformMatrix {
            0.243499,-0.024874,0.969582,0.000000,-0.259486,0.961560,0.089835,0.000000,-0.934546,-0.273468,0.227685,0.000000,0.189765,0.033555,-0.012718,1.000000;;
           }

           Frame Bip001_L_Finger31 {
            

            FrameTransformMatrix {
             0.217499,0.000000,0.976061,0.000000,0.000000,1.000000,0.000000,0.000000,-0.976061,-0.000000,0.217499,0.000000,0.075397,0.000000,0.000000,1.000000;;
            }
           }
          }

          Frame Bip001_L_Finger4 {
           

           FrameTransformMatrix {
            0.323914,-0.003917,0.946078,0.000000,-0.291890,0.950795,0.103872,0.000000,-0.899933,-0.309796,0.306832,0.000000,0.174077,0.078577,-0.009735,1.000000;;
           }

           Frame Bip001_L_Finger41 {
            

            FrameTransformMatrix {
             0.309776,-0.000000,0.950809,0.000000,-0.000000,1.000000,0.000000,0.000000,-0.950809,0.000000,0.309776,0.000000,0.046806,-0.000000,0.000000,1.000000;;
            }
           }
          }
         }
        }

        Frame shuolder_l_ {
         

         FrameTransformMatrix {
          -0.467408,0.844940,0.260013,0.000000,-0.151620,0.213142,-0.965185,0.000000,-0.870943,-0.490558,0.028486,0.000000,0.052406,-0.111545,0.026051,1.000000;;
         }
        }
       }
      }

      Frame Bip001_R_Clavicle {
       

       FrameTransformMatrix {
        -0.320083,-0.927553,0.192854,0.000000,-0.906827,0.358891,0.221048,0.000000,-0.274248,-0.104132,-0.956005,0.000000,-0.091693,-0.155256,-0.060819,1.000000;;
       }

       Frame Bip001_R_UpperArm {
        

        FrameTransformMatrix {
         0.658179,0.686871,0.308234,0.000000,-0.494975,0.703289,-0.510280,0.000000,-0.567274,0.183287,0.802874,0.000000,0.136759,0.000000,-0.000000,1.000000;;
        }

        Frame Bip001_R_Forearm {
         

         FrameTransformMatrix {
          0.768878,0.000000,-0.639395,0.000000,-0.000000,1.000000,-0.000000,0.000000,0.639395,0.000000,0.768878,0.000000,0.530078,0.000000,-0.000000,1.000000;;
         }

         Frame Bip001_R_Hand {
          

          FrameTransformMatrix {
           0.927716,0.371881,0.032365,0.000000,0.114157,-0.200093,-0.973104,0.000000,-0.355403,0.906459,-0.228083,0.000000,0.541670,0.000000,0.000000,1.000000;;
          }

          Frame Bip001_R_Finger0 {
           

           FrameTransformMatrix {
            0.660486,-0.190427,0.726289,0.000000,-0.695562,0.209095,0.687366,0.000000,-0.282756,-0.959175,0.005650,0.000000,0.056493,0.104686,0.058404,1.000000;;
           }

           Frame Bip001_R_Finger01 {
            

            FrameTransformMatrix {
             0.834512,-0.000000,0.550991,0.000000,-0.000000,1.000000,-0.000000,0.000000,-0.550990,0.000000,0.834512,0.000000,0.046105,-0.000000,0.000000,1.000000;;
            }
           }
          }

          Frame Bip001_R_Finger1 {
           

           FrameTransformMatrix {
            0.293502,0.066499,0.953643,0.000000,-0.086134,0.995359,-0.042898,0.000000,-0.952070,-0.069550,0.297868,0.000000,0.185428,0.073637,-0.007124,1.000000;;
           }

           Frame Bip001_R_Finger11 {
            

            FrameTransformMatrix {
             0.365398,-0.000000,0.930851,0.000000,0.000000,1.000000,0.000000,0.000000,-0.930851,-0.000000,0.365398,0.000000,0.058239,-0.000000,-0.000000,1.000000;;
            }
           }
          }

          Frame Bip001_R_Finger2 {
           

           FrameTransformMatrix {
            0.304853,-0.037025,0.951679,0.000000,0.074198,0.997130,0.015025,0.000000,-0.949504,0.066033,0.306726,0.000000,0.187981,0.017065,-0.016823,1.000000;;
           }

           Frame Bip001_R_Finger21 {
            

            FrameTransformMatrix {
             0.165662,-0.000000,0.986183,0.000000,-0.000000,1.000000,0.000000,0.000000,-0.986183,-0.000000,0.165662,0.000000,0.073289,0.000000,0.000000,1.000000;;
            }
           }
          }

          Frame Bip001_R_Finger3 {
           

           FrameTransformMatrix {
            0.243499,0.024874,0.969582,0.000000,0.259486,0.961559,-0.089835,0.000000,-0.934545,0.273468,0.227685,0.000000,0.189765,-0.033555,-0.012718,1.000000;;
           }

           Frame Bip001_R_Finger31 {
            

            FrameTransformMatrix {
             0.217499,0.000000,0.976061,0.000000,0.000000,1.000000,0.000000,0.000000,-0.976061,-0.000000,0.217499,0.000000,0.075397,0.000000,0.000000,1.000000;;
            }
           }
          }

          Frame Bip001_R_Finger4 {
           

           FrameTransformMatrix {
            0.323914,0.003917,0.946078,0.000000,0.291890,0.950795,-0.103873,0.000000,-0.899933,0.309796,0.306832,0.000000,0.174077,-0.078577,-0.009735,1.000000;;
           }

           Frame Bip001_R_Finger41 {
            

            FrameTransformMatrix {
             0.309775,-0.000000,0.950810,0.000000,0.000000,1.000000,0.000000,0.000000,-0.950810,0.000000,0.309776,0.000000,0.046806,-0.000000,0.000000,1.000000;;
            }
           }
          }
         }
        }

        Frame shuolder_r_ {
         

         FrameTransformMatrix {
          -0.476623,-0.704911,-0.525291,0.000000,0.442478,0.323961,-0.836219,0.000000,0.759634,-0.630991,0.157500,0.000000,0.052126,0.111890,0.025994,1.000000;;
         }
        }
       }
      }
     }

     Frame cape_r_01_ {
      

      FrameTransformMatrix {
       -0.963929,-0.089782,-0.250561,0.000000,0.060919,0.841978,-0.536062,0.000000,0.259095,-0.531989,-0.806137,0.000000,0.578337,-0.289499,-0.316410,1.000000;;
      }

      Frame cape_r_02_ {
       

       FrameTransformMatrix {
        0.995201,0.083538,-0.050950,0.000000,-0.082918,0.996455,0.014176,0.000000,0.051953,-0.009884,0.998601,0.000000,0.501500,0.000000,0.000000,1.000000;;
       }

       Frame cape_r_03_ {
        

        FrameTransformMatrix {
         0.998701,0.040763,-0.030566,0.000000,-0.041185,0.999063,-0.013281,0.000000,0.029996,0.014523,0.999445,0.000000,0.646157,-0.000003,-0.000001,1.000000;;
        }

        Frame cape_r_04_ {
         

         FrameTransformMatrix {
          0.996570,0.035361,0.074816,0.000000,-0.033973,0.999228,-0.019740,0.000000,-0.075456,0.017130,0.997002,0.000000,0.597946,-0.000003,-0.000002,1.000000;;
         }
        }
       }
      }
     }

     Frame cape_c_01_ {
      

      FrameTransformMatrix {
       -0.935311,0.063489,-0.348085,0.000000,0.103855,0.989699,-0.098545,0.000000,0.338242,-0.128321,-0.932269,0.000000,0.556134,-0.005715,-0.354713,1.000000;;
      }

      Frame cape_c_02_ {
       

       FrameTransformMatrix {
        0.987991,0.067806,-0.138841,0.000000,-0.066434,0.997686,0.014502,0.000000,0.139503,-0.005105,0.990208,0.000000,0.501500,0.000000,-0.000000,1.000000;;
       }

       Frame cape_c_03_ {
        

        FrameTransformMatrix {
         0.991022,0.069714,0.114086,0.000000,-0.069677,0.997560,-0.004318,0.000000,-0.114109,-0.003670,0.993461,0.000000,0.646157,-0.000003,-0.000001,1.000000;;
        }

        Frame cape_c_04_ {
         

         FrameTransformMatrix {
          0.998200,0.057872,-0.015772,0.000000,-0.057876,0.998324,0.000153,0.000000,0.015754,0.000760,0.999876,0.000000,0.597946,-0.000003,-0.000002,1.000000;;
         }
        }
       }
      }
     }

     Frame cape_l_01_ {
      

      FrameTransformMatrix {
       -0.914539,0.214053,-0.343220,0.000000,0.123354,0.955677,0.267332,0.000000,0.385231,0.202148,-0.900407,0.000000,0.578337,0.289000,-0.316410,1.000000;;
      }

      Frame cape_l_02_ {
       

       FrameTransformMatrix {
        0.988156,0.065312,-0.138864,0.000000,-0.063963,0.997852,0.014155,0.000000,0.139490,-0.005105,0.990210,0.000000,0.501500,0.000000,-0.000000,1.000000;;
       }

       Frame cape_l_03_ {
        

        FrameTransformMatrix {
         0.989902,0.084160,-0.114062,0.000000,-0.085369,0.996333,-0.005747,0.000000,0.113160,0.015427,0.993457,0.000000,0.646157,-0.000003,-0.000001,1.000000;;
        }

        Frame cape_l_04_ {
         

         FrameTransformMatrix {
          0.994832,0.071022,-0.072566,0.000000,-0.071705,0.997402,-0.006850,0.000000,0.071891,0.012018,0.997340,0.000000,0.597946,-0.000003,-0.000002,1.000000;;
         }
        }
       }
      }
     }
    }

    Frame Bip001_L_Thigh {
     

     FrameTransformMatrix {
      -0.935100,0.354292,-0.008075,0.000000,-0.351758,-0.925162,0.142628,0.000000,0.043061,0.136211,0.989743,0.000000,-0.156769,0.204682,-0.016286,1.000000;;
     }

     Frame Bip001_L_Calf {
      

      FrameTransformMatrix {
       0.950055,0.000000,-0.312083,0.000000,-0.000000,1.000000,-0.000000,0.000000,0.312083,0.000000,0.950055,0.000000,0.664399,0.000000,0.000000,1.000000;;
      }

      Frame Bip001_L_Foot {
       

       FrameTransformMatrix {
        0.931124,0.336877,0.139719,0.000000,-0.304159,0.928692,-0.212177,0.000000,-0.201233,0.155067,0.967191,0.000000,0.645890,-0.000000,-0.000000,1.000000;;
       }

       Frame Bip001_L_Toe0 {
        

        FrameTransformMatrix {
         -0.000001,-0.000000,1.000000,0.000000,0.000001,1.000000,0.000000,0.000000,-1.000000,0.000001,-0.000001,0.000000,0.235426,-0.000000,0.277189,1.000000;;
        }
       }
      }
     }
    }

    Frame Bip001_R_Thigh {
     

     FrameTransformMatrix {
      -0.950730,-0.169758,-0.259412,0.000000,0.217525,-0.961484,-0.168024,0.000000,-0.220897,-0.216174,0.951038,0.000000,-0.154163,-0.206651,-0.016287,1.000000;;
     }

     Frame Bip001_R_Calf {
      

      FrameTransformMatrix {
       0.949635,0.000000,-0.313359,0.000000,-0.000000,1.000000,0.000000,0.000000,0.313359,0.000000,0.949635,0.000000,0.664399,-0.000000,0.000000,1.000000;;
      }

      Frame Bip001_R_Foot {
       

       FrameTransformMatrix {
        0.891745,-0.188661,0.411337,0.000000,0.276835,0.946460,-0.166058,0.000000,-0.357985,0.261954,0.896229,0.000000,0.645890,0.000000,0.000000,1.000000;;
       }

       Frame Bip001_R_Toe0 {
        

        FrameTransformMatrix {
         -0.000001,0.000000,1.000000,0.000000,0.000000,1.000000,-0.000000,0.000000,-1.000000,0.000000,-0.000001,0.000000,0.235426,0.000000,0.277189,1.000000;;
        }
       }
      }
     }
    }
   }

   Frame skirt_fc_01 {
    

    FrameTransformMatrix {
     -0.998960,-0.000001,0.045605,0.000000,0.000002,-1.000000,0.000037,0.000000,0.045605,0.000038,0.998960,0.000000,-0.163719,-0.003872,0.270446,1.000000;;
    }

    Frame skirt_fc_02 {
     

     FrameTransformMatrix {
      0.997307,-0.000000,-0.073335,0.000000,0.000000,1.000000,0.000000,0.000000,0.073335,-0.000000,0.997308,0.000000,0.211995,0.000000,0.000000,1.000000;;
     }

     Frame skirt_fc_03 {
      

      FrameTransformMatrix {
       0.997427,-0.000000,-0.071688,0.000000,-0.000000,1.000000,-0.000000,0.000000,0.071688,0.000000,0.997427,0.000000,0.217043,0.000000,0.000000,1.000000;;
      }

      Frame skirt_fc_04 {
       

       FrameTransformMatrix {
        0.999147,-0.000000,-0.041308,0.000000,0.000000,1.000000,-0.000000,0.000000,0.041308,0.000000,0.999147,0.000000,0.204424,0.000000,0.000000,1.000000;;
       }
      }
     }
    }
   }

   Frame skirt_r_01 {
    

    FrameTransformMatrix {
     -0.960361,-0.246179,0.130781,0.000000,-0.083811,0.702433,0.706799,0.000000,-0.265864,0.667821,-0.695221,0.000000,-0.078503,-0.364829,0.113899,1.000000;;
    }

    Frame skirt_r_02 {
     

     FrameTransformMatrix {
      0.993395,0.091475,0.069276,0.000000,0.089990,-0.995647,0.024260,0.000000,0.071194,-0.017865,-0.997303,0.000000,0.223803,0.000000,0.000000,1.000000;;
     }

     Frame skirt_r_03 {
      

      FrameTransformMatrix {
       0.995327,-0.082603,0.050007,0.000000,0.080184,0.995595,0.048592,0.000000,-0.053801,-0.044355,0.997566,0.000000,0.340881,0.000000,-0.000002,1.000000;;
      }

      Frame skirt_r_04 {
       

       FrameTransformMatrix {
        0.995182,-0.076594,0.061202,0.000000,0.075404,0.996921,0.021524,0.000000,-0.062662,-0.016806,0.997893,0.000000,0.322146,0.000000,0.000000,1.000000;;
       }
      }
     }
    }
   }

   Frame skirt_cr_01 {
    

    FrameTransformMatrix {
     -0.936294,-0.325878,-0.130985,0.000000,-0.014001,-0.338020,0.941035,0.000000,-0.350938,0.882919,0.311923,0.000000,-0.019135,-0.368882,-0.155478,1.000000;;
    }

    Frame skirt_cr_02 {
     

     FrameTransformMatrix {
      0.994808,0.047364,0.090071,0.000000,0.045974,-0.998790,0.017448,0.000000,0.090789,-0.013216,-0.995782,0.000000,0.223803,-0.000000,0.000000,1.000000;;
     }

     Frame skirt_cr_03 {
      

      FrameTransformMatrix {
       0.997786,-0.035207,-0.056431,0.000000,0.037861,0.998192,0.046684,0.000000,0.054686,-0.048717,0.997315,0.000000,0.340881,0.000000,-0.000002,1.000000;;
      }

      Frame skirt_cr_04 {
       

       FrameTransformMatrix {
        0.995159,-0.032916,-0.092604,0.000000,0.034671,0.999247,0.017402,0.000000,0.091961,-0.020528,0.995551,0.000000,0.322146,0.000000,0.000000,1.000000;;
       }
      }
     }
    }
   }

   Frame skirt_l_01 {
    

    FrameTransformMatrix {
     0.814977,-0.453539,-0.360714,0.000000,-0.037223,-0.662150,0.748446,0.000000,-0.578297,-0.596540,-0.556519,0.000000,-0.078504,0.365004,0.113872,1.000000;;
    }

    Frame skirt_l_02 {
     

     FrameTransformMatrix {
      0.950370,-0.041192,-0.308384,0.000000,-0.035100,-0.999064,0.025278,0.000000,-0.309137,-0.013199,-0.950926,0.000000,-0.223803,0.000000,0.000000,1.000000;;
     }

     Frame skirt_l_03 {
      

      FrameTransformMatrix {
       0.976477,0.039797,0.211915,0.000000,-0.049046,0.998052,0.038564,0.000000,-0.209967,-0.048050,0.976527,0.000000,-0.340881,0.000000,0.000002,1.000000;;
      }

      Frame skirt_l_04 {
       

       FrameTransformMatrix {
        0.978079,0.045061,0.203300,0.000000,-0.048140,0.998788,0.010226,0.000000,-0.202593,-0.019789,0.979063,0.000000,-0.322146,0.000000,-0.000000,1.000000;;
       }
      }
     }
    }
   }

   Frame skirt_cl_01 {
    

    FrameTransformMatrix {
     0.906063,-0.401621,0.133235,0.000000,0.001747,0.318417,0.947949,0.000000,-0.423140,-0.858668,0.289208,0.000000,-0.018671,0.369750,-0.155666,1.000000;;
    }

    Frame skirt_cl_02 {
     

     FrameTransformMatrix {
      0.992537,-0.040338,-0.115076,0.000000,-0.038542,-0.999099,0.017788,0.000000,-0.115690,-0.013220,-0.993197,0.000000,-0.223803,-0.000000,0.000000,1.000000;;
     }

     Frame skirt_cl_03 {
      

      FrameTransformMatrix {
       0.998622,0.048446,0.020182,0.000000,-0.049375,0.997605,0.048434,0.000000,-0.017788,-0.049364,0.998622,0.000000,-0.340881,0.000000,0.000002,1.000000;;
      }

      Frame skirt_cl_04 {
       

       FrameTransformMatrix {
        0.998617,0.048537,0.020231,0.000000,-0.048966,0.998574,0.021256,0.000000,-0.019171,-0.022217,0.999570,0.000000,-0.322146,-0.000000,0.000000,1.000000;;
       }
      }
     }
    }
   }
  }

  Frame Bip001_Prop1 {
   

   FrameTransformMatrix {
    -0.152391,0.015037,-0.988206,0.000000,0.776698,0.620133,-0.110338,0.000000,0.611160,-0.784352,-0.106182,0.000000,0.116783,-0.064503,-0.716110,1.000000;;
   }

   Frame weapon_sub {
    

    FrameTransformMatrix {
     1.000000,0.000078,-0.000000,0.000000,0.000000,-0.000000,1.000000,0.000000,0.000078,-1.000000,-0.000000,0.000000,0.000194,0.193092,-0.000372,1.000000;;
    }
   }
  }

  Frame Bip001_Prop2 {
   

   FrameTransformMatrix {
    -0.122914,-0.965487,-0.229625,0.000000,-0.824631,-0.029372,0.564907,0.000000,-0.552155,0.258791,-0.792561,0.000000,-0.405389,0.190920,0.860479,1.000000;;
   }
  }
 }
}

Frame omniknight {
 

 FrameTransformMatrix {
  39.370080,0.000000,0.000000,0.000000,0.000000,39.370080,0.000000,0.000000,0.000000,0.000000,39.370080,0.000000,0.000679,-0.000000,-0.000000,1.000000;;
 }

 Mesh omniknight {
  4772;
  0.819086;1.824086;-0.053822;,
  0.792188;2.012906;0.053684;,
  0.755191;1.957161;0.089768;,
  0.853871;1.872123;-0.082663;,
  0.746292;2.149771;0.065040;,
  0.790566;2.054235;-0.009310;,
  0.763424;2.080784;0.113012;,
  0.736937;2.133326;0.139048;,
  0.704581;2.217372;0.087275;,
  0.698634;2.175372;0.145408;,
  0.635861;2.244115;0.156751;,
  0.638179;2.259881;0.104636;,
  0.654402;2.129701;0.182231;,
  0.596923;2.203950;0.184607;,
  0.620818;2.207036;0.224440;,
  0.416320;2.226844;0.161481;,
  0.509837;2.113702;0.169470;,
  0.472663;2.353735;0.222366;,
  0.690081;2.070568;0.185471;,
  0.515714;2.142948;0.120048;,
  0.367909;2.315702;0.248863;,
  0.369099;2.419181;0.257289;,
  0.410252;2.212222;0.082526;,
  0.348046;2.227016;0.181587;,
  0.362229;2.237609;0.052940;,
  0.492835;2.123234;0.064817;,
  0.563401;2.078724;0.112391;,
  0.718558;2.023265;0.151159;,
  0.577884;2.027717;0.106508;,
  0.621429;1.997498;0.083697;,
  0.674170;1.931759;0.044171;,
  0.755189;1.822752;-0.076389;,
  0.639897;2.130693;-0.048452;,
  0.764518;2.074979;-0.066985;,
  0.692086;2.049430;-0.094434;,
  0.719586;2.164946;-0.015535;,
  0.636620;1.996263;-0.077054;,
  0.570511;2.071535;-0.047071;,
  0.851659;1.918230;-0.130457;,
  0.816716;1.928389;-0.166954;,
  0.773310;1.925816;-0.195770;,
  0.730513;1.882049;-0.180837;,
  0.728787;1.844573;-0.141949;,
  0.631276;1.947204;-0.026896;,
  0.586270;2.015437;0.002815;,
  0.755189;1.822752;-0.076389;,
  0.674170;1.931759;0.044171;,
  0.621429;1.997498;0.083697;,
  0.548194;2.039455;0.017195;,
  0.577884;2.027717;0.106508;,
  0.556653;2.118398;-0.027095;,
  0.540180;2.086238;0.029965;,
  0.611628;2.184580;-0.034055;,
  0.664957;2.218215;0.003444;,
  0.614591;2.251856;0.045248;,
  0.671777;2.287823;0.097454;,
  0.637501;2.272152;0.021837;,
  0.654428;2.259287;0.178023;,
  0.503861;2.431150;0.174421;,
  0.524884;2.469870;0.099097;,
  0.563401;2.078724;0.112391;,
  0.515714;2.142948;0.120048;,
  0.579799;2.223084;0.006386;,
  0.533321;2.179684;0.015989;,
  0.522733;2.158368;0.076335;,
  0.522733;2.158368;0.076335;,
  0.492835;2.123234;0.064817;,
  0.430401;2.259570;0.013471;,
  0.525948;2.174916;-0.010469;,
  0.410252;2.212222;0.082526;,
  0.362229;2.237609;0.052940;,
  0.357525;2.313774;-0.036443;,
  0.472461;2.380811;-0.030745;,
  0.388206;2.463959;-0.063482;,
  0.508230;2.445445;0.023448;,
  0.409565;2.578284;-0.003807;,
  0.584067;2.233284;-0.029370;,
  0.400989;2.568785;0.174137;,
  0.416858;2.617419;0.085433;,
  0.314584;2.610202;0.090026;,
  0.320926;2.552101;0.215141;,
  0.323526;2.421508;0.275573;,
  0.329356;2.579804;-0.028247;,
  0.335913;2.499986;-0.088647;,
  0.090768;2.608466;0.226992;,
  0.000000;2.378410;0.348758;,
  0.115016;2.393149;0.345793;,
  0.000000;2.596994;0.243188;,
  0.221486;2.425921;0.310799;,
  0.188014;2.611299;0.195751;,
  0.320926;2.552101;0.215141;,
  0.323526;2.421508;0.275573;,
  0.314584;2.610202;0.090026;,
  0.211451;1.798274;0.163488;,
  0.262694;1.867844;0.085908;,
  0.197062;1.885938;0.160584;,
  0.272788;1.785734;0.094209;,
  0.101210;1.802233;0.200225;,
  0.093713;1.893411;0.192408;,
  0.081459;1.949242;0.215240;,
  0.000000;1.897604;0.207426;,
  0.000000;1.944758;0.215176;,
  0.000000;2.078333;0.270810;,
  0.102370;2.096670;0.273906;,
  0.000000;2.246864;0.334000;,
  0.114075;2.255226;0.338979;,
  0.237227;2.297340;0.315635;,
  0.326220;2.307034;0.258728;,
  0.261771;2.153905;0.256576;,
  0.209140;1.951883;0.179312;,
  0.268874;1.957133;0.089897;,
  0.308826;2.100001;0.128075;,
  0.273176;1.955964;-0.071184;,
  0.302203;2.160008;-0.101716;,
  0.320313;2.109830;-0.006162;,
  0.362229;2.237609;0.052940;,
  0.330483;2.283092;-0.065722;,
  0.357525;2.313774;-0.036443;,
  0.344729;2.214879;0.036938;,
  0.326540;2.202287;0.181371;,
  0.348046;2.227016;0.181587;,
  0.308826;2.100001;0.128075;,
  0.268874;1.957133;0.089897;,
  0.282546;1.845723;-0.010508;,
  0.262694;1.867844;0.085908;,
  0.258956;1.830160;-0.113351;,
  0.280568;1.747127;-0.107069;,
  0.206358;1.731132;-0.188503;,
  0.187576;1.817791;-0.186601;,
  0.218102;1.909833;-0.161611;,
  0.230082;1.997798;-0.166451;,
  0.262994;2.262039;-0.156169;,
  0.121166;2.038142;-0.220460;,
  0.147019;2.400037;-0.242311;,
  0.272788;1.785734;0.094209;,
  0.299076;1.770200;0.002000;,
  0.000000;2.355273;-0.314125;,
  0.000000;2.067718;-0.265395;,
  0.000000;2.466317;-0.225645;,
  0.128671;2.498163;-0.175268;,
  0.082360;2.633656;-0.074349;,
  0.000000;2.676259;-0.104144;,
  0.064664;2.704826;-0.074480;,
  0.000051;2.626605;-0.101787;,
  0.000000;2.692187;0.043883;,
  0.110650;2.726123;-0.046840;,
  0.134001;2.657133;-0.040184;,
  0.225155;2.533090;-0.109011;,
  0.267110;2.453549;-0.154894;,
  0.000000;2.721667;0.151155;,
  0.090768;2.608466;0.226992;,
  0.057147;2.722444;0.149006;,
  0.000000;2.596994;0.243188;,
  0.129070;2.703717;0.084818;,
  0.188014;2.611299;0.195751;,
  0.113290;2.777210;0.058419;,
  0.051557;2.796215;0.120802;,
  0.314584;2.610202;0.090026;,
  0.329356;2.579804;-0.028247;,
  0.335913;2.499986;-0.088647;,
  0.325607;2.400568;-0.103707;,
  0.388206;2.463959;-0.063482;,
  0.000000;2.796748;0.130625;,
  0.121161;1.929003;-0.227510;,
  0.091795;1.795771;-0.223366;,
  0.000000;1.821852;-0.248585;,
  0.000000;1.931040;-0.257076;,
  0.111262;1.706076;-0.233078;,
  0.000000;1.779707;-0.260965;,
  0.369099;2.419181;0.257289;,
  0.367909;2.315702;0.248863;,
  0.326540;2.202287;0.181371;,
  0.348046;2.227016;0.181587;,
  0.675625;0.850468;0.589409;,
  0.714312;0.939546;0.635649;,
  0.660015;1.174592;0.598385;,
  0.712086;0.801299;0.624140;,
  0.727424;0.877469;0.642802;,
  0.596857;1.089316;0.524037;,
  0.640993;0.839530;0.549106;,
  0.699302;0.679337;0.605630;,
  0.677608;0.650774;0.576778;,
  0.690934;0.595608;0.599604;,
  0.536502;0.616412;0.574768;,
  0.590612;0.513413;0.611051;,
  0.547256;0.548807;0.590004;,
  0.429767;0.597301;0.621079;,
  0.456803;0.484649;0.617886;,
  0.413251;0.444629;0.659872;,
  0.379519;0.480405;0.680580;,
  0.346807;0.489557;0.693096;,
  0.229471;0.571428;0.715673;,
  0.291646;0.490843;0.716101;,
  0.270131;0.478388;0.721437;,
  0.181057;0.397626;0.744679;,
  0.249342;0.404110;0.731827;,
  0.000000;0.574285;0.739518;,
  0.000000;0.403206;0.747002;,
  0.209517;0.798599;0.703041;,
  0.000000;0.574285;0.739518;,
  0.502607;0.814175;0.557313;,
  0.461197;1.080073;0.527371;,
  0.533900;1.393937;0.473163;,
  0.407615;1.414376;0.482626;,
  0.489317;1.700440;0.442764;,
  0.380489;1.715768;0.461773;,
  0.147823;1.718706;0.534184;,
  0.315565;2.049543;0.432674;,
  0.158990;2.061725;0.490082;,
  0.194746;2.339453;0.425505;,
  0.164970;1.401860;0.578733;,
  0.188594;1.088116;0.650381;,
  0.000000;0.790744;0.725644;,
  0.000000;1.092075;0.668973;,
  0.000000;2.017506;0.476935;,
  0.000000;1.708598;0.536623;,
  0.000000;2.301721;0.433354;,
  0.067229;2.653211;0.226919;,
  0.132225;2.635490;0.185459;,
  0.062804;2.622336;0.221403;,
  0.140520;2.666628;0.188570;,
  0.088919;2.641681;0.274297;,
  0.179914;2.664691;0.206869;,
  0.122405;2.535845;0.334675;,
  0.335331;2.552496;0.309667;,
  0.322190;2.355174;0.388639;,
  0.511319;2.089635;0.415969;,
  0.561362;1.745803;0.476313;,
  0.600859;1.460659;0.535575;,
  0.000000;2.301721;0.433354;,
  0.000000;2.528924;0.344350;,
  0.170169;2.656588;0.126397;,
  0.177478;2.688152;0.128101;,
  0.176697;2.670191;0.006164;,
  0.195201;2.712255;0.001143;,
  0.321141;2.687980;0.118205;,
  0.212069;2.706929;0.000589;,
  0.204521;2.686087;0.131328;,
  0.304952;2.661913;0.204054;,
  0.454426;2.617129;0.183180;,
  0.471333;2.517850;0.285517;,
  0.477455;2.357982;0.373219;,
  0.417499;2.640176;0.104213;,
  0.384807;2.638235;0.030590;,
  0.000000;1.384598;0.594745;,
  0.000000;2.651754;0.237392;,
  0.000000;2.622162;0.233036;,
  0.000000;2.634377;0.306002;,
  0.000000;1.331464;-0.298878;,
  0.000000;1.490390;-0.305557;,
  0.132684;1.487057;-0.285471;,
  0.000000;1.489753;-0.201590;,
  0.121261;1.477394;-0.244114;,
  0.205336;1.588960;-0.228971;,
  0.267206;1.664470;-0.170298;,
  0.129990;1.604466;-0.270407;,
  0.233158;0.634690;0.106523;,
  0.214932;0.790223;0.131149;,
  0.238738;0.780046;0.053423;,
  0.217053;0.853656;0.044386;,
  0.237009;0.859606;0.179926;,
  0.212836;0.908243;0.124394;,
  0.151162;0.990472;0.007100;,
