xof 0303txt 0032
template ColorRGBA {
 <35ff44e0-6c7c-11cf-8f52-0040333594a3>
 FLOAT red;
 FLOAT green;
 FLOAT blue;
 FLOAT alpha;
}

template ColorRGB {
 <d3e16e81-7835-11cf-8f52-0040333594a3>
 FLOAT red;
 FLOAT green;
 FLOAT blue;
}

template Material {
 <3d82ab4d-62da-11cf-ab39-0020af71e433>
 ColorRGBA faceColor;
 FLOAT power;
 ColorRGB specularColor;
 ColorRGB emissiveColor;
 [...]
}

template TextureFilename {
 <a42790e1-7810-11cf-8f52-0040333594a3>
 STRING filename;
}

template Frame {
 <3d82ab46-62da-11cf-ab39-0020af71e433>
 [...]
}

template Matrix4x4 {
 <f6f23f45-7686-11cf-8f52-0040333594a3>
 array FLOAT matrix[16];
}

template FrameTransformMatrix {
 <f6f23f41-7686-11cf-8f52-0040333594a3>
 Matrix4x4 frameMatrix;
}

template Vector {
 <3d82ab5e-62da-11cf-ab39-0020af71e433>
 FLOAT x;
 FLOAT y;
 FLOAT z;
}

template MeshFace {
 <3d82ab5f-62da-11cf-ab39-0020af71e433>
 DWORD nFaceVertexIndices;
 array DWORD faceVertexIndices[nFaceVertexIndices];
}

template Mesh {
 <3d82ab44-62da-11cf-ab39-0020af71e433>
 DWORD nVertices;
 array Vector vertices[nVertices];
 DWORD nFaces;
 array MeshFace faces[nFaces];
 [...]
}

template MeshNormals {
 <f6f23f43-7686-11cf-8f52-0040333594a3>
 DWORD nNormals;
 array Vector normals[nNormals];
 DWORD nFaceNormals;
 array MeshFace faceNormals[nFaceNormals];
}

template MeshMaterialList {
 <f6f23f42-7686-11cf-8f52-0040333594a3>
 DWORD nMaterials;
 DWORD nFaceIndexes;
 array DWORD faceIndexes[nFaceIndexes];
 [Material <3d82ab4d-62da-11cf-ab39-0020af71e433>]
}

template Coords2d {
 <f6f23f44-7686-11cf-8f52-0040333594a3>
 FLOAT u;
 FLOAT v;
}

template MeshTextureCoords {
 <f6f23f40-7686-11cf-8f52-0040333594a3>
 DWORD nTextureCoords;
 array Coords2d textureCoords[nTextureCoords];
}

template XSkinMeshHeader {
 <3cf169ce-ff7c-44ab-93c0-f78f62d172e2>
 WORD nMaxSkinWeightsPerVertex;
 WORD nMaxSkinWeightsPerFace;
 WORD nBones;
}

template SkinWeights {
 <6f0d123b-bad2-4167-a0d0-80224f25fabb>
 STRING transformNodeName;
 DWORD nWeights;
 array DWORD vertexIndices[nWeights];
 array FLOAT weights[nWeights];
 Matrix4x4 matrixOffset;
}

template AnimTicksPerSecond {
 <9e415a43-7ba6-4a73-8743-b73d47e88476>
 DWORD AnimTicksPerSecond;
}

template Animation {
 <3d82ab4f-62da-11cf-ab39-0020af71e433>
 [...]
}

template AnimationSet {
 <3d82ab50-62da-11cf-ab39-0020af71e433>
 [Animation <3d82ab4f-62da-11cf-ab39-0020af71e433>]
}

template FloatKeys {
 <10dd46a9-775b-11cf-8f52-0040333594a3>
 DWORD nValues;
 array FLOAT values[nValues];
}

template TimedFloatKeys {
 <f406b180-7b3b-11cf-8f52-0040333594a3>
 DWORD time;
 FloatKeys tfkeys;
}

template AnimationKey {
 <10dd46a8-775b-11cf-8f52-0040333594a3>
 DWORD keyType;
 DWORD nKeys;
 array TimedFloatKeys keys[nKeys];
}


Material _01_-_Default {
 1.000000;1.000000;1.000000;1.000000;;
 9.999999;
 0.000000;0.000000;0.000000;;
 0.000000;0.000000;0.000000;;

 TextureFilename {
  "arthur_01.png";
 }
}

Frame movement_ {
 

 FrameTransformMatrix {
  39.370080,0.000000,0.000000,0.000000,0.000000,39.370080,0.000000,0.000000,0.000000,0.000000,39.370080,0.000000,0.000000,0.000000,0.000000,1.000000;;
 }

 Frame Bip001____ {
  

  FrameTransformMatrix {
   -0.043208,-0.449693,-0.892138,0.000000,-0.107173,0.889905,-0.443377,0.000000,0.993301,0.076456,-0.086646,0.000000,0.004554,1.439205,-0.000119,1.000000;;
  }

  Frame Bip001_Pelvis {
   

   FrameTransformMatrix {
    -0.260433,0.955452,-0.138879,0.000000,0.221391,0.199107,0.954643,0.000000,0.939766,0.217874,-0.263382,0.000000,0.000000,0.000000,0.000000,1.000000;;
   }

   Frame Bip001_Spine {
    

    FrameTransformMatrix {
     0.953451,0.238355,0.184711,0.000000,-0.223163,0.969702,-0.099387,0.000000,-0.202804,0.053540,0.977755,0.000000,0.149368,0.031163,0.034046,1.000000;;
    }

    Frame Bip001_Spine1 {
     

     FrameTransformMatrix {
      0.998688,-0.006593,0.050786,0.000000,-0.001095,0.988701,0.149894,0.000000,-0.051200,-0.149753,0.987397,0.000000,0.276974,0.000085,-0.000560,1.000000;;
     }

     Frame Bip001_Neck {
      

      FrameTransformMatrix {
       0.991152,0.127766,0.035979,0.000000,-0.127898,0.991786,0.001374,0.000000,-0.035508,-0.005963,0.999352,0.000000,0.722283,0.000001,-0.044446,1.000000;;
      }

      Frame Bip001_Head {
       

       FrameTransformMatrix {
        0.959076,-0.156531,-0.235950,0.000000,0.059094,0.925604,-0.373851,0.000000,0.276915,0.344608,0.896975,0.000000,0.075873,0.000005,-0.018761,1.000000;;
       }

       Frame hair_fr_01_ {
        

        FrameTransformMatrix {
         -0.933823,-0.263763,0.241667,0.000000,0.226352,-0.958776,-0.171795,0.000000,0.277018,-0.105724,0.955030,0.000000,0.159652,-0.119907,0.108295,1.000000;;
        }

        Frame hair_fr_02_ {
         

         FrameTransformMatrix {
          0.954925,-0.103077,0.278378,0.000000,0.098969,0.994673,0.028810,0.000000,-0.279865,0.000039,0.960039,0.000000,0.180367,-0.000000,0.000000,1.000000;;
         }

         Frame hair_fr_03_ {
          

          FrameTransformMatrix {
           0.983861,-0.078353,0.160870,0.000000,0.077356,0.996926,0.012461,0.000000,-0.161352,0.000184,0.986897,0.000000,0.180994,0.000000,0.000000,1.000000;;
          }
         }
        }
       }

       Frame hair_r_05_ {
        

        FrameTransformMatrix {
         0.091918,0.062002,-0.993834,0.000000,-0.787848,-0.605846,-0.110663,0.000000,-0.608972,0.793162,-0.006840,0.000000,0.177948,-0.125622,-0.061386,1.000000;;
        }

        Frame hair_r_06_ {
         

         FrameTransformMatrix {
          0.926423,0.256007,0.276047,0.000000,-0.188044,0.949858,-0.249820,0.000000,-0.326161,0.179530,0.928110,0.000000,0.144524,0.000000,-0.000000,1.000000;;
         }

         Frame hair_r_07_ {
          

          FrameTransformMatrix {
           0.922671,0.273521,0.271780,0.000000,-0.247824,0.960647,-0.125459,0.000000,-0.295401,0.048404,0.954146,0.000000,0.176333,0.000000,0.000000,1.000000;;
          }
         }
        }
       }

       Frame hair_r_01_ {
        

        FrameTransformMatrix {
         -0.170108,-0.297524,-0.939437,0.000000,0.752022,0.576874,-0.318871,0.000000,0.636809,-0.760720,0.125614,0.000000,0.162431,-0.147179,0.020928,1.000000;;
        }

        Frame hair_r_02_ {
         

         FrameTransformMatrix {
          0.986086,-0.022266,-0.164738,0.000000,0.034949,0.996608,0.074499,0.000000,0.162520,-0.079220,0.983520,0.000000,0.135738,-0.000000,0.000000,1.000000;;
         }

         Frame hair_r_03_ {
          

          FrameTransformMatrix {
           0.998021,0.025946,-0.057285,0.000000,-0.037167,0.978163,-0.204483,0.000000,0.050729,0.206208,0.977192,0.000000,0.129615,-0.000001,-0.000000,1.000000;;
          }

          Frame hair_r_04_ {
           

           FrameTransformMatrix {
            0.991950,0.060333,-0.111336,0.000000,0.079116,-0.981764,0.172860,0.000000,-0.098877,-0.180276,-0.978633,0.000000,0.158446,-0.000000,0.000000,1.000000;;
           }
          }
         }
        }
       }

       Frame hair_bc_01_ {
        

        FrameTransformMatrix {
         -0.524845,0.293254,-0.799087,0.000000,-0.046148,-0.947202,-0.317300,0.000000,-0.849946,-0.129656,0.510667,0.000000,0.144506,-0.000015,-0.158677,1.000000;;
        }

        Frame hair_bc_02_ {
         

         FrameTransformMatrix {
          0.978332,0.000000,0.207042,0.000000,-0.000000,1.000000,0.000000,0.000000,-0.207042,-0.000000,0.978332,0.000000,0.149821,0.000000,0.000000,1.000000;;
         }

         Frame hair_bc_03_ {
          

          FrameTransformMatrix {
           0.997566,-0.000000,0.069725,0.000000,-0.000000,1.000000,0.000000,0.000000,-0.069725,0.000000,0.997566,0.000000,0.215520,0.000000,0.000000,1.000000;;
          }

          Frame hair_bc_04_ {
           

           FrameTransformMatrix {
            0.992480,-0.000000,0.122405,0.000000,0.000000,1.000000,-0.000000,0.000000,-0.122405,-0.000000,0.992480,0.000000,0.182449,0.000000,0.000000,1.000000;;
           }
          }
         }
        }
       }

       Frame hair_br_01_ {
        

        FrameTransformMatrix {
         -0.555428,0.167164,-0.814589,0.000000,-0.300944,-0.953594,0.009509,0.000000,-0.775198,0.250428,0.579959,0.000000,0.172848,-0.073662,-0.182171,1.000000;;
        }

        Frame hair_br_02_ {
         

         FrameTransformMatrix {
          0.995683,0.000000,-0.092815,0.000000,0.000000,1.000000,0.000000,0.000000,0.092815,-0.000000,0.995684,0.000000,0.132106,0.000000,-0.000001,1.000000;;
         }

         Frame hair_br_03_ {
          

          FrameTransformMatrix {
           0.990734,0.000000,-0.135817,0.000000,0.000000,1.000000,-0.000000,0.000000,0.135817,0.000000,0.990734,0.000000,0.222769,0.000000,-0.000001,1.000000;;
          }

          Frame hair_br_04_ {
           

           FrameTransformMatrix {
            0.996687,0.000000,-0.081336,0.000000,-0.000000,1.000000,-0.000000,0.000000,0.081336,0.000000,0.996687,0.000000,0.150841,0.000000,0.000000,1.000000;;
           }
          }
         }
        }
       }

       Frame hair_bl_01_ {
        

        FrameTransformMatrix {
         -0.384189,0.579749,-0.718533,0.000000,-0.038747,-0.787700,-0.614839,0.000000,-0.922441,-0.208374,0.325090,0.000000,0.171817,0.065989,-0.186043,1.000000;;
        }

        Frame hair_bl_02_ {
         

         FrameTransformMatrix {
          0.968089,0.000000,0.250607,0.000000,0.000000,1.000000,-0.000000,0.000000,-0.250607,-0.000000,0.968089,0.000000,0.132106,0.000000,-0.000001,1.000000;;
         }

         Frame hair_bl_03_ {
          

          FrameTransformMatrix {
           0.997429,-0.000000,0.071658,0.000000,-0.000000,1.000000,0.000000,0.000000,-0.071658,0.000000,0.997429,0.000000,0.222769,-0.000000,-0.000002,1.000000;;
          }

          Frame hair_bl_04_ {
           

           FrameTransformMatrix {
            0.997079,0.000000,0.076381,0.000000,-0.000000,1.000000,-0.000000,0.000000,-0.076381,0.000000,0.997079,0.000000,0.150841,-0.000000,0.000000,1.000000;;
           }
          }
         }
        }
       }

       Frame hair_fl_01_ {
        

        FrameTransformMatrix {
         -0.678950,0.000660,0.734183,0.000000,-0.041995,-0.998397,-0.037938,0.000000,0.732982,-0.056590,0.677890,0.000000,0.159651,0.119996,0.108285,1.000000;;
        }

        Frame hair_fl_02_ {
         

         FrameTransformMatrix {
          0.936052,0.351671,-0.011600,0.000000,-0.351078,0.931259,-0.097478,0.000000,-0.023477,0.095317,0.995170,0.000000,0.180367,-0.000000,0.000000,1.000000;;
         }

         Frame hair_fl_03_ {
          

          FrameTransformMatrix {
           0.890651,0.191144,-0.412560,0.000000,-0.221233,0.974876,-0.025935,0.000000,0.397238,0.114371,0.910561,0.000000,0.180994,0.000000,0.000000,1.000000;;
          }
         }
        }
       }

       Frame hair_l_01_ {
        

        FrameTransformMatrix {
         0.383196,-0.759025,0.526347,0.000000,-0.638935,0.193690,0.744477,0.000000,-0.667025,-0.621582,-0.410747,0.000000,0.162429,0.146992,0.020916,1.000000;;
        }

        Frame hair_l_02_ {
         

         FrameTransformMatrix {
          0.987346,0.158572,0.001764,0.000000,-0.158463,0.986107,0.049832,0.000000,0.006162,-0.049480,0.998757,0.000000,-0.135738,0.000000,0.000000,1.000000;;
         }

         Frame hair_l_03_ {
          

          FrameTransformMatrix {
           0.966497,0.232525,-0.108699,0.000000,-0.239104,0.969608,-0.051846,0.000000,0.093340,0.076099,0.992722,0.000000,-0.129615,0.000001,0.000000,1.000000;;
          }

          Frame hair_l_04_ {
           

           FrameTransformMatrix {
            0.952587,0.161097,-0.258122,0.000000,0.177681,-0.983187,0.042107,0.000000,-0.246998,-0.085974,-0.965194,0.000000,-0.158446,0.000000,-0.000000,1.000000;;
           }
          }
         }
        }
       }

       Frame hair_l_05_ {
        

        FrameTransformMatrix {
         0.266923,-0.340281,0.901643,0.000000,0.750272,-0.513822,-0.416028,0.000000,0.604850,0.787525,0.118152,0.000000,0.177948,0.125989,-0.061397,1.000000;;
        }

        Frame hair_l_06_ {
         

         FrameTransformMatrix {
          0.932084,-0.081076,-0.353053,0.000000,0.087653,0.996148,0.002650,0.000000,0.351478,-0.033416,0.935600,0.000000,-0.144524,0.000000,0.000000,1.000000;;
         }

         Frame hair_l_07_ {
          

          FrameTransformMatrix {
           0.975848,0.065224,-0.208486,0.000000,-0.067341,0.997725,-0.003069,0.000000,0.207812,0.017034,0.978020,0.000000,-0.176332,0.000000,-0.000000,1.000000;;
          }
         }
        }
       }
      }

      Frame Bip001_L_Clavicle {
       

       FrameTransformMatrix {
        -0.151513,0.941681,0.300468,0.000000,0.988445,0.142982,0.050319,0.000000,0.004423,0.304620,-0.952464,0.000000,-0.055203,0.176940,-0.043114,1.000000;;
       }

       Frame Bip001_L_UpperArm {
        

        FrameTransformMatrix {
         0.940832,-0.337234,0.033281,0.000000,0.332209,0.937254,0.105793,0.000000,-0.066869,-0.088477,0.993831,0.000000,0.136759,0.000000,-0.000000,1.000000;;
        }

        Frame Bip001_L_Forearm {
         

         FrameTransformMatrix {
          -0.216213,-0.000000,-0.976346,0.000000,0.000000,1.000000,-0.000000,0.000000,0.976347,0.000000,-0.216213,0.000000,0.530078,-0.000000,0.000000,1.000000;;
         }

         Frame Bip001_L_Hand {
          

          FrameTransformMatrix {
           0.731493,-0.651930,-0.199764,0.000000,-0.095767,-0.388302,0.916543,0.000000,-0.675090,-0.651313,-0.346474,0.000000,0.541670,0.000000,-0.000000,1.000000;;
          }

          Frame Bip001_L_Finger0 {
           

           FrameTransformMatrix {
            0.340672,-0.109348,0.933802,0.000000,0.888823,-0.286321,-0.357791,0.000000,0.306491,0.951874,-0.000351,0.000000,0.056493,-0.104686,0.058404,1.000000;;
           }

           Frame Bip001_L_Finger01 {
            

            FrameTransformMatrix {
             0.750721,-0.000000,0.660620,0.000000,0.000000,1.000000,0.000000,0.000000,-0.660620,0.000000,0.750721,0.000000,0.046105,-0.000000,0.000000,1.000000;;
            }
           }
          }

          Frame Bip001_L_Finger1 {
           

           FrameTransformMatrix {
            0.151781,-0.348073,0.925099,0.000000,-0.106911,0.924670,0.365452,0.000000,-0.982616,-0.154372,0.103134,0.000000,0.185428,-0.073636,-0.007124,1.000000;;
           }

           Frame Bip001_L_Finger11 {
            

            FrameTransformMatrix {
             0.553862,-0.000000,0.832608,0.000000,0.000000,1.000000,-0.000000,0.000000,-0.832608,-0.000000,0.553862,0.000000,0.058239,-0.000000,0.000000,1.000000;;
            }
           }
          }

          Frame Bip001_L_Finger2 {
           

           FrameTransformMatrix {
            0.024004,-0.117633,0.992767,0.000000,-0.268529,0.955800,0.119745,0.000000,-0.962973,-0.269461,-0.008644,0.000000,0.187981,-0.017065,-0.016823,1.000000;;
           }

           Frame Bip001_L_Finger21 {
            

            FrameTransformMatrix {
             0.555652,-0.000000,0.831415,0.000000,0.000000,1.000000,0.000000,0.000000,-0.831415,0.000000,0.555652,0.000000,0.073289,0.000000,0.000000,1.000000;;
            }
           }
          }

          Frame Bip001_L_Finger3 {
           

           FrameTransformMatrix {
            -0.154706,0.051118,0.986637,0.000000,-0.208881,0.974392,-0.083237,0.000000,-0.965627,-0.218967,-0.140067,0.000000,0.189765,0.033555,-0.012718,1.000000;;
           }

           Frame Bip001_L_Finger31 {
            

            FrameTransformMatrix {
             0.616518,0.000000,0.787341,0.000000,0.000000,1.000000,0.000000,0.000000,-0.787341,0.000000,0.616518,0.000000,0.075397,-0.000000,-0.000000,1.000000;;
            }
           }
          }

          Frame Bip001_L_Finger4 {
           

           FrameTransformMatrix {
            -0.103090,0.341373,0.934258,0.000000,-0.166353,0.920116,-0.354561,0.000000,-0.980662,-0.191968,-0.038066,0.000000,0.174077,0.078577,-0.009735,1.000000;;
           }

           Frame Bip001_L_Finger41 {
            

            FrameTransformMatrix {
             0.562012,-0.000000,0.827130,0.000000,0.000000,1.000000,0.000000,0.000000,-0.827129,-0.000000,0.562012,0.000000,0.046806,-0.000000,-0.000000,1.000000;;
            }
           }
          }
         }
        }

        Frame shuolder_l_ {
         

         FrameTransformMatrix {
          -0.467408,0.844940,0.260013,0.000000,-0.151620,0.213142,-0.965185,0.000000,-0.870943,-0.490559,0.028486,0.000000,0.052406,-0.111545,0.026051,1.000000;;
         }
        }
       }
      }

      Frame Bip001_R_Clavicle {
       

       FrameTransformMatrix {
        -0.248099,-0.968722,0.004973,0.000000,-0.968063,0.248115,0.035966,0.000000,-0.036075,0.004109,-0.999341,0.000000,-0.098310,-0.157673,-0.041101,1.000000;;
       }

       Frame Bip001_R_UpperArm {
        

        FrameTransformMatrix {
         0.669704,0.736590,0.094501,0.000000,-0.742237,0.659783,0.117346,0.000000,0.024086,-0.148730,0.988585,0.000000,0.136759,-0.000000,0.000000,1.000000;;
        }

        Frame Bip001_R_Forearm {
         

         FrameTransformMatrix {
          0.888909,-0.000000,-0.458085,0.000000,-0.000000,1.000000,-0.000000,0.000000,0.458085,0.000000,0.888909,0.000000,0.530078,0.000000,0.000000,1.000000;;
         }

         Frame Bip001_R_Hand {
          

          FrameTransformMatrix {
           0.915500,0.195247,0.351765,0.000000,0.402311,-0.439031,-0.803367,0.000000,-0.002419,0.877001,-0.480483,0.000000,0.541670,0.000000,-0.000000,1.000000;;
          }

          Frame Bip001_R_Finger0 {
           

           FrameTransformMatrix {
            0.340672,0.109348,0.933802,0.000000,-0.888823,-0.286321,0.357791,0.000000,0.306490,-0.951874,-0.000351,0.000000,0.056493,0.104686,0.058404,1.000000;;
           }

           Frame Bip001_R_Finger01 {
            

            FrameTransformMatrix {
             0.750721,-0.000000,0.660619,0.000000,0.000000,1.000000,0.000000,0.000000,-0.660619,0.000000,0.750721,0.000000,0.046105,0.000000,0.000000,1.000000;;
            }
           }
          }

          Frame Bip001_R_Finger1 {
           

           FrameTransformMatrix {
            0.151781,0.348072,0.925099,0.000000,0.106910,0.924670,-0.365452,0.000000,-0.982615,0.154371,0.103134,0.000000,0.185428,0.073637,-0.007124,1.000000;;
           }

           Frame Bip001_R_Finger11 {
            

            FrameTransformMatrix {
             0.553862,0.000000,0.832609,0.000000,0.000000,1.000000,-0.000000,0.000000,-0.832608,-0.000000,0.553862,0.000000,0.058239,0.000000,0.000000,1.000000;;
            }
           }
          }

          Frame Bip001_R_Finger2 {
           

           FrameTransformMatrix {
            0.024004,0.117633,0.992767,0.000000,0.268529,0.955800,-0.119745,0.000000,-0.962973,0.269461,-0.008644,0.000000,0.187981,0.017065,-0.016823,1.000000;;
           }

           Frame Bip001_R_Finger21 {
            

            FrameTransformMatrix {
             0.555652,0.000000,0.831415,0.000000,0.000000,1.000000,0.000000,0.000000,-0.831415,0.000000,0.555652,0.000000,0.073289,0.000000,0.000000,1.000000;;
            }
           }
          }

          Frame Bip001_R_Finger3 {
           

           FrameTransformMatrix {
            -0.154706,-0.051119,0.986637,0.000000,0.208881,0.974392,0.083237,0.000000,-0.965627,0.218967,-0.140067,0.000000,0.189764,-0.033555,-0.012718,1.000000;;
           }

           Frame Bip001_R_Finger31 {
            

            FrameTransformMatrix {
             0.616518,0.000000,0.787341,0.000000,0.000000,1.000000,-0.000000,0.000000,-0.787341,0.000000,0.616518,0.000000,0.075397,0.000000,-0.000000,1.000000;;
            }
           }
          }

          Frame Bip001_R_Finger4 {
           

           FrameTransformMatrix {
            -0.103090,-0.341372,0.934257,0.000000,0.166353,0.920116,0.354561,0.000000,-0.980662,0.191968,-0.038066,0.000000,0.174078,-0.078577,-0.009735,1.000000;;
           }

           Frame Bip001_R_Finger41 {
            

            FrameTransformMatrix {
             0.562012,-0.000000,0.827130,0.000000,-0.000000,1.000000,0.000000,0.000000,-0.827130,-0.000000,0.562011,0.000000,0.046806,-0.000000,0.000000,1.000000;;
            }
           }
          }
         }
        }

        Frame shuolder_r_ {
         

         FrameTransformMatrix {
          -0.476624,-0.704911,-0.525291,0.000000,0.442477,0.323961,-0.836219,0.000000,0.759634,-0.630992,0.157499,0.000000,0.052126,0.111890,0.025994,1.000000;;
         }
        }
       }
      }
     }

     Frame cape_r_01_ {
      

      FrameTransformMatrix {
       -0.896592,-0.375173,-0.235304,0.000000,-0.235415,0.853810,-0.464316,0.000000,0.375103,-0.360908,-0.853841,0.000000,0.578337,-0.289499,-0.316410,1.000000;;
      }

      Frame cape_r_02_ {
       

       FrameTransformMatrix {
        0.951762,0.214879,-0.219036,0.000000,-0.214892,0.976342,0.024057,0.000000,0.219023,0.024173,0.975421,0.000000,0.501500,0.000000,-0.000001,1.000000;;
       }

       Frame cape_r_03_ {
        

        FrameTransformMatrix {
         0.991857,0.126190,-0.017230,0.000000,-0.125690,0.991687,0.027531,0.000000,0.020561,-0.025141,0.999472,0.000000,0.646157,-0.000003,-0.000001,1.000000;;
        }

        Frame cape_r_04_ {
         

         FrameTransformMatrix {
          0.994476,0.054221,-0.089882,0.000000,-0.053996,0.998529,0.004936,0.000000,0.090017,-0.000055,0.995940,0.000000,0.597946,-0.000003,-0.000002,1.000000;;
         }
        }
       }
      }
     }

     Frame cape_c_01_ {
      

      FrameTransformMatrix {
       -0.864759,-0.173098,-0.471413,0.000000,-0.063772,0.968970,-0.238812,0.000000,0.498122,-0.176452,-0.848964,0.000000,0.556134,-0.005715,-0.354713,1.000000;;
      }

      Frame cape_c_02_ {
       

       FrameTransformMatrix {
        0.945870,0.129074,-0.297774,0.000000,-0.119376,0.991559,0.050611,0.000000,0.301793,-0.012324,0.953294,0.000000,0.501500,-0.000000,-0.000001,1.000000;;
       }

       Frame cape_c_03_ {
        

        FrameTransformMatrix {
         0.993416,0.080867,0.081158,0.000000,-0.077881,0.996188,-0.039302,0.000000,-0.084027,0.032723,0.995926,0.000000,0.646157,-0.000003,-0.000001,1.000000;;
        }

        Frame cape_c_04_ {
         

         FrameTransformMatrix {
          0.997588,0.028678,0.063216,0.000000,-0.027664,0.999475,-0.016864,0.000000,-0.063667,0.015074,0.997858,0.000000,0.597946,-0.000003,-0.000002,1.000000;;
         }
        }
       }
      }
     }

     Frame cape_l_01_ {
      

      FrameTransformMatrix {
       -0.874381,0.059644,-0.481561,0.000000,-0.017277,0.987962,0.153734,0.000000,0.484933,0.142742,-0.862824,0.000000,0.578337,0.289000,-0.316410,1.000000;;
      }

      Frame cape_l_02_ {
       

       FrameTransformMatrix {
        0.981235,0.126849,-0.145211,0.000000,-0.124273,0.991889,0.026718,0.000000,0.147422,-0.008171,0.989040,0.000000,0.501499,-0.000000,-0.000001,1.000000;;
       }

       Frame cape_l_03_ {
        

        FrameTransformMatrix {
         0.927425,0.069518,-0.367492,0.000000,-0.053909,0.997160,0.052584,0.000000,0.370104,-0.028956,0.928539,0.000000,0.646157,-0.000003,-0.000001,1.000000;;
        }

        Frame cape_l_04_ {
         

         FrameTransformMatrix {
          0.932121,0.010789,-0.361987,0.000000,-0.001597,0.999669,0.025682,0.000000,0.362144,-0.023360,0.931829,0.000000,0.597946,-0.000003,-0.000002,1.000000;;
         }
        }
       }
      }
     }
    }

    Frame Bip001_L_Thigh {
     

     FrameTransformMatrix {
      -0.591110,0.082205,0.802391,0.000000,0.300853,-0.900532,0.313894,0.000000,0.748383,0.426947,0.507582,0.000000,-0.107109,0.205937,0.006348,1.000000;;
     }

     Frame Bip001_L_Calf {
      

      FrameTransformMatrix {
       0.993021,0.000000,-0.117937,0.000000,-0.000000,1.000000,0.000000,0.000000,0.117937,0.000000,0.993021,0.000000,0.664399,0.000000,0.000000,1.000000;;
      }

      Frame Bip001_L_Foot {
       

       FrameTransformMatrix {
        0.988768,0.007288,0.149284,0.000000,-0.005741,0.999925,-0.010789,0.000000,-0.149351,0.009811,0.988736,0.000000,0.645890,0.000000,0.000000,1.000000;;
       }

       Frame Bip001_L_Toe0 {
        

        FrameTransformMatrix {
         0.000153,0.000518,1.000000,0.000000,0.000000,1.000000,-0.000518,0.000000,-1.000000,0.000000,0.000153,0.000000,0.235426,-0.000000,0.277189,1.000000;;
        }
       }
      }
     }
    }

    Frame Bip001_R_Thigh {
     

     FrameTransformMatrix {
      -0.980115,-0.048921,-0.192306,0.000000,0.037228,-0.997258,0.063954,0.000000,-0.194907,0.055523,0.979249,0.000000,-0.205154,-0.192941,-0.015676,1.000000;;
     }

     Frame Bip001_R_Calf {
      

      FrameTransformMatrix {
       0.451855,-0.000000,-0.892092,0.000000,-0.000000,1.000000,-0.000000,0.000000,0.892092,0.000000,0.451855,0.000000,0.664399,0.000000,0.000000,1.000000;;
      }

      Frame Bip001_R_Foot {
       

       FrameTransformMatrix {
        0.998731,0.008921,-0.049563,0.000000,-0.005268,0.997293,0.073340,0.000000,0.050083,-0.072986,0.996075,0.000000,0.645890,0.000000,-0.000000,1.000000;;
       }

       Frame Bip001_R_Toe0 {
        

        FrameTransformMatrix {
         -0.041733,0.001608,0.999127,0.000000,0.059217,0.998245,0.000866,0.000000,-0.997372,0.059201,-0.041755,0.000000,0.235426,0.000000,0.277189,1.000000;;
        }
       }
      }
     }
    }
   }

   Frame skirt_fc_01 {
    

    FrameTransformMatrix {
     -0.838090,-0.086047,0.538703,0.000000,-0.028559,-0.979208,-0.200840,0.000000,0.544783,-0.183707,0.818207,0.000000,-0.144605,-0.014321,0.350545,1.000000;;
    }

    Frame skirt_fc_02 {
     

     FrameTransformMatrix {
      0.976817,-0.000000,0.214074,0.000000,0.000000,1.000000,0.000000,0.000000,-0.214074,0.000000,0.976817,0.000000,0.211995,-0.000000,0.000000,1.000000;;
     }

     Frame skirt_fc_03 {
      

      FrameTransformMatrix {
       0.972610,-0.000000,0.232443,0.000000,0.000000,1.000000,0.000000,0.000000,-0.232443,-0.000000,0.972610,0.000000,0.217043,0.000000,-0.000000,1.000000;;
      }

      Frame skirt_fc_04 {
       

       FrameTransformMatrix {
        0.985929,-0.000000,0.167163,0.000000,-0.000000,1.000000,0.000000,0.000000,-0.167163,0.000000,0.985929,0.000000,0.204424,-0.000000,0.000000,1.000000;;
       }
      }
     }
    }
   }

   Frame skirt_r_01 {
    

    FrameTransformMatrix {
     -0.770630,-0.561357,0.301675,0.000000,0.200934,0.235202,0.950950,0.000000,-0.604777,0.793447,-0.068458,0.000000,-0.078503,-0.364829,0.113899,1.000000;;
    }

    Frame skirt_r_02 {
     

     FrameTransformMatrix {
      0.988946,0.082279,-0.123357,0.000000,0.079961,-0.996518,-0.023633,0.000000,-0.124872,0.013508,-0.992081,0.000000,0.223803,0.000000,-0.000000,1.000000;;
     }

     Frame skirt_r_03 {
      

      FrameTransformMatrix {
       0.959219,-0.092143,0.267223,0.000000,0.071268,0.993672,0.086810,0.000000,-0.273531,-0.064225,0.959716,0.000000,0.340881,-0.000001,-0.000002,1.000000;;
      }

      Frame skirt_r_04 {
       

       FrameTransformMatrix {
        0.970264,-0.141830,0.196139,0.000000,0.134242,0.989608,0.051524,0.000000,-0.201409,-0.023661,0.979222,0.000000,0.322146,0.000000,0.000000,1.000000;;
       }
      }
     }
    }
   }

   Frame skirt_cr_01 {
    

    FrameTransformMatrix {
     -0.878563,-0.396217,-0.266720,0.000000,-0.102329,-0.389318,0.915402,0.000000,-0.466537,0.831531,0.301496,0.000000,-0.019135,-0.368882,-0.155478,1.000000;;
    }

    Frame skirt_cr_02 {
     

     FrameTransformMatrix {
      0.985610,0.060672,-0.157776,0.000000,0.063802,-0.997852,0.014848,0.000000,-0.156536,-0.024701,-0.987364,0.000000,0.223802,0.000000,-0.000000,1.000000;;
     }

     Frame skirt_cr_03 {
      

      FrameTransformMatrix {
       0.975495,-0.043569,0.215663,0.000000,0.035042,0.998451,0.043206,0.000000,-0.217212,-0.034590,0.975511,0.000000,0.340881,-0.000001,-0.000002,1.000000;;
      }

      Frame skirt_cr_04 {
       

       FrameTransformMatrix {
        0.994256,-0.056491,0.090905,0.000000,0.055666,0.998382,0.011588,0.000000,-0.091412,-0.006461,0.995792,0.000000,0.322146,0.000000,-0.000000,1.000000;;
       }
      }
     }
    }
   }

   Frame skirt_l_01 {
    

    FrameTransformMatrix {
     0.754261,-0.648252,-0.104207,0.000000,0.051660,-0.099628,0.993683,0.000000,-0.654539,-0.754880,-0.041657,0.000000,-0.078504,0.365004,0.113872,1.000000;;
    }

    Frame skirt_l_02 {
     

     FrameTransformMatrix {
      0.998833,0.018488,0.044623,0.000000,0.017649,-0.999662,0.019128,0.000000,0.044962,-0.018319,-0.998821,0.000000,-0.223803,-0.000000,0.000000,1.000000;;
     }

     Frame skirt_l_03 {
      

      FrameTransformMatrix {
       0.983756,0.002445,-0.179494,0.000000,0.005078,0.999128,0.041439,0.000000,0.179439,-0.041678,0.982886,0.000000,-0.340881,0.000001,0.000002,1.000000;;
      }

      Frame skirt_l_04 {
       

       FrameTransformMatrix {
        0.993151,0.053223,-0.104011,0.000000,-0.051082,0.998426,0.023142,0.000000,0.105079,-0.017671,0.994307,0.000000,-0.322146,-0.000000,0.000000,1.000000;;
       }
      }
     }
    }
   }

   Frame skirt_cl_01 {
    

    FrameTransformMatrix {
     0.767200,-0.547445,0.334228,0.000000,-0.101701,0.410667,0.906096,0.000000,-0.633294,-0.729148,0.259388,0.000000,-0.018671,0.369750,-0.155666,1.000000;;
    }

    Frame skirt_cl_02 {
     

     FrameTransformMatrix {
      0.985944,0.051663,0.158891,0.000000,0.047951,-0.998482,0.027113,0.000000,0.160051,-0.019113,-0.986924,0.000000,-0.223803,0.000000,0.000000,1.000000;;
     }

     Frame skirt_cl_03 {
      

      FrameTransformMatrix {
       0.959611,-0.023012,-0.280387,0.000000,0.034789,0.998705,0.037098,0.000000,0.279170,-0.045354,0.959169,0.000000,-0.340881,0.000001,0.000002,1.000000;;
      }

      Frame skirt_cl_04 {
       

       FrameTransformMatrix {
        0.980131,0.063534,-0.187897,0.000000,-0.057341,0.997623,0.038220,0.000000,0.189879,-0.026687,0.981445,0.000000,-0.322146,-0.000000,0.000000,1.000000;;
       }
      }
     }
    }
   }
  }

  Frame Bip001_Prop1 {
   

   FrameTransformMatrix {
    -0.594855,0.413064,-0.689583,0.000000,0.786984,0.124547,-0.604272,0.000000,-0.163718,-0.902145,-0.399162,0.000000,-0.408786,0.056739,-0.732636,1.000000;;
   }

   Frame weapon_sub_ {
    

    FrameTransformMatrix {
     1.000000,0.000078,-0.000001,0.000000,0.000001,-0.000000,1.000000,0.000000,0.000078,-1.000000,-0.000000,0.000000,0.000194,0.193092,-0.000372,1.000000;;
    }
   }
  }

  Frame Bip001_Prop2 {
   

   FrameTransformMatrix {
    0.256001,-0.917219,0.305242,0.000000,0.939700,0.310201,0.144009,0.000000,-0.226774,0.249970,0.941323,0.000000,0.617084,0.735753,0.175370,1.000000;;
   }
  }
 }
}

Frame omniknight {
 

 FrameTransformMatrix {
  39.370080,0.000000,0.000000,0.000000,0.000000,39.370080,0.000000,0.000000,0.000000,0.000000,39.370080,0.000000,0.000679,-0.000000,-0.000000,1.000000;;
 }

 Mesh omniknight {
  4766;
  0.819086;1.824086;-0.053822;,
  0.792188;2.012906;0.053684;,
  0.755191;1.957161;0.089768;,
  0.853871;1.872123;-0.082663;,
  0.746292;2.149771;0.065040;,
  0.790566;2.054235;-0.009310;,
  0.763424;2.080784;0.113012;,
  0.736937;2.133326;0.139048;,
  0.704581;2.217372;0.087275;,
  0.698634;2.175372;0.145408;,
  0.635861;2.244115;0.156751;,
  0.638179;2.259881;0.104636;,
  0.654402;2.129701;0.182231;,
  0.596923;2.203950;0.184607;,
  0.620818;2.207036;0.224440;,
  0.416320;2.226844;0.161481;,
  0.509837;2.113702;0.169470;,
  0.472663;2.353735;0.222366;,
  0.690081;2.070568;0.185471;,
  0.515714;2.142948;0.120048;,
  0.367909;2.315702;0.248863;,
  0.369099;2.419181;0.257289;,
  0.410252;2.212222;0.082526;,
  0.348046;2.227016;0.181587;,
  0.362229;2.237609;0.052940;,
  0.492835;2.123234;0.064817;,
  0.563401;2.078724;0.112391;,
  0.718558;2.023265;0.151159;,
  0.577884;2.027717;0.106508;,
  0.621429;1.997498;0.083697;,
  0.674170;1.931759;0.044171;,
  0.755189;1.822752;-0.076389;,
  0.639897;2.130693;-0.048452;,
  0.764518;2.074979;-0.066985;,
  0.692086;2.049430;-0.094434;,
  0.719586;2.164946;-0.015535;,
  0.636620;1.996263;-0.077054;,
  0.570511;2.071535;-0.047071;,
  0.851659;1.918230;-0.130457;,
  0.816716;1.928389;-0.166954;,
  0.773310;1.925816;-0.195770;,
  0.730513;1.882049;-0.180837;,
  0.728787;1.844573;-0.141949;,
  0.631276;1.947204;-0.026896;,
  0.586270;2.015437;0.002815;,
  0.755189;1.822752;-0.076389;,
  0.674170;1.931759;0.044171;,
  0.621429;1.997498;0.083697;,
  0.548194;2.039455;0.017195;,
  0.577884;2.027717;0.106508;,
  0.556653;2.118398;-0.027095;,
  0.540180;2.086238;0.029965;,
  0.611628;2.184580;-0.034055;,
  0.664957;2.218215;0.003444;,
  0.614591;2.251856;0.045248;,
  0.671777;2.287823;0.097454;,
  0.637501;2.272152;0.021837;,
  0.654428;2.259287;0.178023;,
  0.503861;2.431150;0.174421;,
  0.524884;2.469870;0.099097;,
  0.563401;2.078724;0.112391;,
  0.515714;2.142948;0.120048;,
  0.579799;2.223084;0.006386;,
  0.533321;2.179684;0.015989;,
  0.522733;2.158368;0.076335;,
  0.522733;2.158368;0.076335;,
  0.492835;2.123234;0.064817;,
  0.430401;2.259570;0.013471;,
  0.525948;2.174916;-0.010469;,
  0.410252;2.212222;0.082526;,
  0.362229;2.237609;0.052940;,
  0.357525;2.313774;-0.036443;,
  0.472461;2.380811;-0.030745;,
  0.388206;2.463959;-0.063482;,
  0.508230;2.445445;0.023448;,
  0.409565;2.578284;-0.003807;,
  0.584067;2.233284;-0.029370;,
  0.400989;2.568785;0.174137;,
  0.416858;2.617419;0.085433;,
  0.314584;2.610202;0.090026;,
  0.320926;2.552101;0.215141;,
  0.323526;2.421508;0.275573;,
  0.329356;2.579804;-0.028247;,
  0.335913;2.499986;-0.088647;,
  0.090768;2.608466;0.226992;,
  0.000000;2.378410;0.348758;,
  0.115016;2.393149;0.345793;,
  0.000000;2.596994;0.243188;,
  0.221486;2.425921;0.310799;,
  0.188014;2.611299;0.195751;,
  0.320926;2.552101;0.215141;,
  0.323526;2.421508;0.275573;,
  0.314584;2.610202;0.090026;,
  0.211451;1.798274;0.163488;,
  0.262694;1.867844;0.085908;,
  0.197062;1.885938;0.160584;,
  0.272788;1.785734;0.094209;,
  0.101210;1.802233;0.200225;,
  0.093713;1.893411;0.192408;,
  0.081459;1.949242;0.215240;,
  0.000000;1.897604;0.207426;,
  0.000000;1.944758;0.215176;,
  0.000000;2.078333;0.270810;,
  0.102370;2.096670;0.273906;,
  0.000000;2.246864;0.334000;,
  0.114075;2.255226;0.338979;,
  0.237227;2.297340;0.315635;,
  0.326220;2.307034;0.258728;,
  0.261771;2.153905;0.256576;,
  0.209140;1.951883;0.179312;,
  0.268874;1.957133;0.089897;,
  0.308826;2.100001;0.128075;,
  0.273176;1.955964;-0.071184;,
  0.302203;2.160008;-0.101716;,
  0.320313;2.109830;-0.006162;,
  0.362229;2.237609;0.052940;,
  0.330483;2.283092;-0.065722;,
  0.357525;2.313774;-0.036443;,
  0.344729;2.214879;0.036938;,
  0.326540;2.202287;0.181371;,
  0.348046;2.227016;0.181587;,
  0.308826;2.100001;0.128075;,
  0.268874;1.957133;0.089897;,
  0.282546;1.845723;-0.010508;,
  0.262694;1.867844;0.085908;,
  0.258956;1.830160;-0.113351;,
  0.280568;1.747127;-0.107069;,
  0.206358;1.731132;-0.188503;,
  0.187576;1.817791;-0.186601;,
  0.218102;1.909833;-0.161611;,
  0.230082;1.997798;-0.166451;,
  0.262994;2.262039;-0.156169;,
  0.121166;2.038142;-0.220460;,
  0.147019;2.400037;-0.242311;,
  0.272788;1.785734;0.094209;,
  0.299076;1.770200;0.002000;,
  0.000000;2.355273;-0.314125;,
  0.000000;2.067718;-0.265395;,
  0.000000;2.466317;-0.225645;,
  0.128671;2.498163;-0.175268;,
  0.082360;2.633656;-0.074349;,
  0.000000;2.676259;-0.104144;,
  0.064664;2.704826;-0.074480;,
  0.000051;2.626605;-0.101787;,
  0.000000;2.692187;0.043883;,
  0.110650;2.726123;-0.046840;,
  0.134001;2.657133;-0.040184;,
  0.225155;2.533090;-0.109011;,
  0.267110;2.453549;-0.154894;,
  0.000000;2.721667;0.151155;,
  0.090768;2.608466;0.226992;,
  0.057147;2.722444;0.149006;,
  0.000000;2.596994;0.243188;,
  0.129070;2.703717;0.084818;,
  0.188014;2.611299;0.195751;,
  0.113290;2.777210;0.058419;,
  0.051557;2.796215;0.120802;,
  0.314584;2.610202;0.090026;,
  0.329356;2.579804;-0.028247;,
  0.335913;2.499986;-0.088647;,
  0.325607;2.400568;-0.103707;,
  0.388206;2.463959;-0.063482;,
  0.000000;2.796748;0.130625;,
  0.121161;1.929003;-0.227510;,
  0.091795;1.795771;-0.223366;,
  0.000000;1.821852;-0.248585;,
  0.000000;1.931040;-0.257076;,
  0.111262;1.706076;-0.233078;,
  0.000000;1.779707;-0.260965;,
  0.369099;2.419181;0.257289;,
  0.367909;2.315702;0.248863;,
  0.326540;2.202287;0.181371;,
  0.348046;2.227016;0.181587;,
  0.675625;0.850468;0.589409;,
  0.714312;0.939546;0.635649;,
  0.660015;1.174592;0.598385;,
  0.712086;0.801299;0.624140;,
  0.727424;0.877469;0.642802;,
  0.596857;1.089316;0.524037;,
  0.640993;0.839530;0.549106;,
  0.699302;0.679337;0.605630;,
  0.677608;0.650774;0.576778;,
  0.690934;0.595608;0.599604;,
  0.536502;0.616412;0.574768;,
  0.590612;0.513413;0.611051;,
  0.547256;0.548807;0.590004;,
  0.429767;0.597301;0.621079;,
  0.456803;0.484649;0.617886;,
  0.413251;0.444629;0.659872;,
  0.379519;0.480405;0.680580;,
  0.346807;0.489557;0.693096;,
  0.229471;0.571428;0.715673;,
  0.291646;0.490843;0.716101;,
  0.270131;0.478388;0.721437;,
  0.181057;0.397626;0.744679;,
  0.249342;0.404110;0.731827;,
  0.000000;0.574285;0.739518;,
  0.000000;0.403206;0.747002;,
  0.209517;0.798599;0.703041;,
  0.000000;0.574285;0.739518;,
  0.502607;0.814175;0.557313;,
  0.461197;1.080073;0.527371;,
  0.533900;1.393937;0.473163;,
  0.407615;1.414376;0.482626;,
  0.489317;1.700440;0.442764;,
  0.380489;1.715768;0.461773;,
  0.147823;1.718706;0.534184;,
  0.315565;2.049543;0.432674;,
  0.158990;2.061725;0.490082;,
  0.194746;2.339453;0.425505;,
  0.164970;1.401860;0.578733;,
  0.188594;1.088116;0.650381;,
  0.000000;0.790744;0.725644;,
  0.000000;1.092075;0.668973;,
  0.000000;2.017506;0.476935;,
  0.000000;1.708598;0.536623;,
  0.000000;2.301721;0.433354;,
  0.067229;2.653211;0.226919;,
  0.132225;2.635490;0.185459;,
  0.062804;2.622336;0.221403;,
  0.140520;2.666628;0.188570;,
  0.088919;2.641681;0.274297;,
  0.179914;2.664691;0.206869;,
  0.122405;2.535845;0.334675;,
  0.335331;2.552496;0.309667;,
  0.322190;2.355174;0.388639;,
  0.511319;2.089635;0.415969;,
  0.561362;1.745803;0.476313;,
  0.600859;1.460659;0.535575;,
  0.000000;2.301721;0.433354;,
  0.000000;2.528924;0.344350;,
  0.170169;2.656588;0.126397;,
  0.177478;2.688152;0.128101;,
  0.176697;2.670191;0.006164;,
  0.195201;2.712255;0.001143;,
  0.321141;2.687980;0.118205;,
  0.212069;2.706929;0.000589;,
  0.204521;2.686087;0.131328;,
  0.304952;2.661913;0.204054;,
  0.454426;2.617129;0.183180;,
  0.471333;2.517850;0.285517;,
  0.477455;2.357982;0.373219;,
  0.417499;2.640176;0.104213;,
  0.384807;2.638235;0.030590;,
  0.000000;1.384598;0.594745;,
  0.000000;2.651754;0.237392;,
  0.000000;2.622162;0.233036;,
  0.000000;2.634377;0.306002;,
  0.000000;1.331464;-0.298878;,
  0.000000;1.490390;-0.305557;,
  0.132684;1.487057;-0.285471;,
  0.000000;1.489753;-0.201590;,
  0.121261;1.477394;-0.244114;,
  0.205336;1.588960;-0.228971;,
  0.267206;1.664470;-0.170298;,
  0.129990;1.604466;-0.270407;,
  0.233158;0.634690;0.106523;,
  0.214932;0.790223;0.131149;,
  0.238738;0.780046;0.053423;,
  0.217053;0.853656;0.044386;,
  0.237009;0.859606;0.179926;,
  0.212836;0.908243;0.124394;,
  0.151162;0.990472;0.007100;,
  0.271146;0.950624;0.177872;,
  0.397391;0.812635;0.237410;,
  0.363370;0.881486;0.176749;,
  0.295439;0.876234;0.222410;,
  0.310058;0.796151;0.291979;,
  0.421967;0.684015;0.284996;,
  0.329585;0.677873;0.324386;,
  0.424663;0.517825;0.293626;,
  0.336866;0.517148;0.318642;,
  0.344233;0.394222;0.293790;,
  0.258446;0.508697;0.276424;,
  0.288389;0.384924;0.230478;,
  0.242895;0.502368;0.210379;,
  0.272104;0.441259;0.144233;,
  0.213037;0.637003;0.186127;,
  0.220339;0.782441;0.241813;,
  0.232793;0.659517;0.282079;,
  0.415074;0.391683;0.279149;,
  0.298267;0.261508;0.144441;,
  0.301916;0.241317;0.233642;,
  0.355468;0.225772;0.295943;,
  0.431327;0.238941;0.275049;,
