xof 0303txt 0032
template ColorRGBA {
 <35ff44e0-6c7c-11cf-8f52-0040333594a3>
 FLOAT red;
 FLOAT green;
 FLOAT blue;
 FLOAT alpha;
}

template ColorRGB {
 <d3e16e81-7835-11cf-8f52-0040333594a3>
 FLOAT red;
 FLOAT green;
 FLOAT blue;
}

template Material {
 <3d82ab4d-62da-11cf-ab39-0020af71e433>
 ColorRGBA faceColor;
 FLOAT power;
 ColorRGB specularColor;
 ColorRGB emissiveColor;
 [...]
}

template TextureFilename {
 <a42790e1-7810-11cf-8f52-0040333594a3>
 STRING filename;
}

template Frame {
 <3d82ab46-62da-11cf-ab39-0020af71e433>
 [...]
}

template Matrix4x4 {
 <f6f23f45-7686-11cf-8f52-0040333594a3>
 array FLOAT matrix[16];
}

template FrameTransformMatrix {
 <f6f23f41-7686-11cf-8f52-0040333594a3>
 Matrix4x4 frameMatrix;
}

template Vector {
 <3d82ab5e-62da-11cf-ab39-0020af71e433>
 FLOAT x;
 FLOAT y;
 FLOAT z;
}

template MeshFace {
 <3d82ab5f-62da-11cf-ab39-0020af71e433>
 DWORD nFaceVertexIndices;
 array DWORD faceVertexIndices[nFaceVertexIndices];
}

template Mesh {
 <3d82ab44-62da-11cf-ab39-0020af71e433>
 DWORD nVertices;
 array Vector vertices[nVertices];
 DWORD nFaces;
 array MeshFace faces[nFaces];
 [...]
}

template MeshNormals {
 <f6f23f43-7686-11cf-8f52-0040333594a3>
 DWORD nNormals;
 array Vector normals[nNormals];
 DWORD nFaceNormals;
 array MeshFace faceNormals[nFaceNormals];
}

template MeshMaterialList {
 <f6f23f42-7686-11cf-8f52-0040333594a3>
 DWORD nMaterials;
 DWORD nFaceIndexes;
 array DWORD faceIndexes[nFaceIndexes];
 [Material <3d82ab4d-62da-11cf-ab39-0020af71e433>]
}

template Coords2d {
 <f6f23f44-7686-11cf-8f52-0040333594a3>
 FLOAT u;
 FLOAT v;
}

template MeshTextureCoords {
 <f6f23f40-7686-11cf-8f52-0040333594a3>
 DWORD nTextureCoords;
 array Coords2d textureCoords[nTextureCoords];
}

template XSkinMeshHeader {
 <3cf169ce-ff7c-44ab-93c0-f78f62d172e2>
 WORD nMaxSkinWeightsPerVertex;
 WORD nMaxSkinWeightsPerFace;
 WORD nBones;
}

template SkinWeights {
 <6f0d123b-bad2-4167-a0d0-80224f25fabb>
 STRING transformNodeName;
 DWORD nWeights;
 array DWORD vertexIndices[nWeights];
 array FLOAT weights[nWeights];
 Matrix4x4 matrixOffset;
}

template AnimTicksPerSecond {
 <9e415a43-7ba6-4a73-8743-b73d47e88476>
 DWORD AnimTicksPerSecond;
}

template Animation {
 <3d82ab4f-62da-11cf-ab39-0020af71e433>
 [...]
}

template AnimationSet {
 <3d82ab50-62da-11cf-ab39-0020af71e433>
 [Animation <3d82ab4f-62da-11cf-ab39-0020af71e433>]
}

template FloatKeys {
 <10dd46a9-775b-11cf-8f52-0040333594a3>
 DWORD nValues;
 array FLOAT values[nValues];
}

template TimedFloatKeys {
 <f406b180-7b3b-11cf-8f52-0040333594a3>
 DWORD time;
 FloatKeys tfkeys;
}

template AnimationKey {
 <10dd46a8-775b-11cf-8f52-0040333594a3>
 DWORD keyType;
 DWORD nKeys;
 array TimedFloatKeys keys[nKeys];
}


Material _01_-_Default {
 1.000000;1.000000;1.000000;1.000000;;
 9.999999;
 0.000000;0.000000;0.000000;;
 0.000000;0.000000;0.000000;;

 TextureFilename {
  "arthur_01.png";
 }
}

Frame movement {
 

 FrameTransformMatrix {
  39.370080,0.000000,0.000000,0.000000,0.000000,39.370080,0.000000,0.000000,0.000000,0.000000,39.370080,0.000000,0.000000,0.000000,0.000000,1.000000;;
 }

 Frame Bip001 {
  

  FrameTransformMatrix {
   -0.537332,0.000003,-0.843371,0.000000,0.000002,1.000000,0.000002,0.000000,0.843371,-0.000000,-0.537332,0.000000,0.010649,1.460967,0.006304,1.000000;;
  }

  Frame Bip001_Pelvis {
   

   FrameTransformMatrix {
    -0.000000,1.000000,0.000000,0.000000,-0.000002,-0.000000,1.000000,0.000000,1.000000,0.000000,0.000002,0.000000,0.000000,0.000000,0.000000,1.000000;;
   }

   Frame Bip001_Spine {
    

    FrameTransformMatrix {
     0.994532,-0.006333,-0.104239,0.000000,0.006298,0.999980,-0.000662,0.000000,0.104241,0.000002,0.994552,0.000000,0.156320,-0.000000,-0.000008,1.000000;;
    }

    Frame Bip001_Spine1 {
     

     FrameTransformMatrix {
      0.999893,0.002169,-0.014470,0.000000,-0.003413,0.996242,-0.086546,0.000000,0.014228,0.086586,0.996143,0.000000,0.276937,-0.000049,-0.000565,1.000000;;
     }

     Frame Bip001_Neck {
      

      FrameTransformMatrix {
       0.960118,0.038306,0.276959,0.000000,0.030321,0.970463,-0.239335,0.000000,-0.277947,0.238188,0.930598,0.000000,0.722307,-0.000023,-0.044439,1.000000;;
      }

      Frame Bip001_Head {
       

       FrameTransformMatrix {
        0.986425,0.127637,0.103316,0.000000,-0.110864,0.981771,-0.154388,0.000000,-0.121139,0.140838,0.982594,0.000000,0.075872,0.000005,-0.018761,1.000000;;
       }

       Frame hair_fr_01 {
        

        FrameTransformMatrix {
         -0.894443,0.015567,0.446910,0.000000,-0.088915,-0.985630,-0.143623,0.000000,0.438252,-0.168200,0.882974,0.000000,0.159656,-0.119907,0.108294,1.000000;;
        }

        Frame hair_fr_02 {
         

         FrameTransformMatrix {
          0.954812,-0.103199,0.278720,0.000000,0.099182,0.994660,0.028514,0.000000,-0.280175,0.000419,0.959950,0.000000,0.180372,0.000000,0.000000,1.000000;;
         }

         Frame hair_fr_03 {
          

          FrameTransformMatrix {
           0.983861,-0.078354,0.160870,0.000000,0.077357,0.996926,0.012461,0.000000,-0.161352,0.000184,0.986896,0.000000,0.180997,0.000000,-0.000001,1.000000;;
          }
         }
        }
       }

       Frame hair_r_05 {
        

        FrameTransformMatrix {
         0.155346,-0.184852,-0.970411,0.000000,-0.791511,-0.611068,-0.010306,0.000000,-0.591082,0.769692,-0.241239,0.000000,0.177951,-0.125622,-0.061387,1.000000;;
        }

        Frame hair_r_06 {
         

         FrameTransformMatrix {
          0.926339,0.256132,0.276211,0.000000,-0.188129,0.949832,-0.249848,0.000000,-0.326349,0.179480,0.928053,0.000000,0.144523,0.000001,0.000001,1.000000;;
         }

         Frame hair_r_07 {
          

          FrameTransformMatrix {
           0.922708,0.273841,0.271330,0.000000,-0.248049,0.960534,-0.125885,0.000000,-0.295094,0.048852,0.954219,0.000000,0.176333,0.000000,0.000000,1.000000;;
          }
         }
        }
       }

       Frame hair_r_01 {
        

        FrameTransformMatrix {
         -0.201361,-0.545538,-0.813537,0.000000,0.820030,0.360364,-0.444620,0.000000,0.535727,-0.756654,0.374794,0.000000,0.162427,-0.147179,0.020929,1.000000;;
        }

        Frame hair_r_02 {
         

         FrameTransformMatrix {
          0.986086,-0.022266,-0.164739,0.000000,0.035006,0.996581,0.074838,0.000000,0.162509,-0.079564,0.983494,0.000000,0.135738,0.000005,0.000002,1.000000;;
         }

         Frame hair_r_03 {
          

          FrameTransformMatrix {
           0.998021,0.025946,-0.057284,0.000000,-0.037167,0.978163,-0.204483,0.000000,0.050728,0.206208,0.977193,0.000000,0.129615,0.000000,0.000000,1.000000;;
          }

          Frame hair_r_04 {
           

           FrameTransformMatrix {
            0.991981,0.059814,-0.111339,0.000000,0.078608,-0.981795,0.172917,0.000000,-0.098969,-0.180282,-0.978623,0.000000,0.158446,-0.000003,-0.000002,1.000000;;
           }
          }
         }
        }
       }

       Frame hair_bc_01 {
        

        FrameTransformMatrix {
         -0.634691,-0.000031,-0.772766,0.000000,-0.000003,-1.000000,0.000042,0.000000,-0.772766,0.000029,0.634691,0.000000,0.144501,-0.000014,-0.158675,1.000000;;
        }

        Frame hair_bc_02 {
         

         FrameTransformMatrix {
          0.978284,0.000010,0.207270,0.000000,-0.000010,1.000000,-0.000002,0.000000,-0.207271,0.000000,0.978284,0.000000,0.149819,-0.000000,-0.000005,1.000000;;
         }

         Frame hair_bc_03 {
          

          FrameTransformMatrix {
           0.997606,-0.000019,0.069154,0.000000,0.000019,1.000000,0.000001,0.000000,-0.069154,0.000000,0.997606,0.000000,0.215518,0.000000,-0.000003,1.000000;;
          }

          Frame hair_bc_04 {
           

           FrameTransformMatrix {
            0.992456,0.000006,0.122591,0.000000,-0.000006,1.000000,-0.000001,0.000000,-0.122591,-0.000000,0.992457,0.000000,0.182450,-0.000000,0.000002,1.000000;;
           }
          }
         }
        }
       }

       Frame hair_br_01 {
        

        FrameTransformMatrix {
         -0.685967,-0.042286,-0.726403,0.000000,-0.337466,-0.865961,0.369092,0.000000,-0.644644,0.498321,0.579751,0.000000,0.172851,-0.073662,-0.182172,1.000000;;
        }

        Frame hair_br_02 {
         

         FrameTransformMatrix {
          0.995684,-0.000000,-0.092815,0.000000,0.000000,1.000000,-0.000000,0.000000,0.092815,0.000000,0.995683,0.000000,0.132105,-0.000000,0.000000,1.000000;;
         }

         Frame hair_br_03 {
          

          FrameTransformMatrix {
           0.990800,-0.000010,-0.135326,0.000000,0.000010,1.000000,-0.000001,0.000000,0.135326,0.000000,0.990801,0.000000,0.222770,0.000001,0.000000,1.000000;;
          }

          Frame hair_br_04 {
           

           FrameTransformMatrix {
            0.996661,0.000012,-0.081645,0.000000,-0.000012,1.000000,0.000001,0.000000,0.081645,0.000000,0.996661,0.000000,0.150842,0.000000,0.000000,1.000000;;
           }
          }
         }
        }
       }

       Frame hair_bl_01 {
        

        FrameTransformMatrix {
         -0.259758,0.266499,-0.928173,0.000000,0.104067,-0.947843,-0.301271,0.000000,-0.960050,-0.174850,0.218476,0.000000,0.171813,0.065989,-0.186042,1.000000;;
        }

        Frame hair_bl_02 {
         

         FrameTransformMatrix {
          0.968056,0.000187,0.250731,0.000000,-0.000181,1.000000,-0.000047,0.000000,-0.250731,0.000000,0.968057,0.000000,0.132106,0.000000,-0.000004,1.000000;;
         }

         Frame hair_bl_03 {
          

          FrameTransformMatrix {
           0.997429,0.000000,0.071658,0.000000,-0.000000,1.000000,-0.000000,0.000000,-0.071658,0.000000,0.997429,0.000000,0.222770,-0.000000,0.000000,1.000000;;
          }

          Frame hair_bl_04 {
           

           FrameTransformMatrix {
            0.997096,0.000225,0.076159,0.000000,-0.000225,0.999999,-0.000018,0.000000,-0.076159,0.000001,0.997096,0.000000,0.150842,0.000000,0.000000,1.000000;;
           }
          }
         }
        }
       }

       Frame hair_fl_01 {
        

        FrameTransformMatrix {
         -0.586551,0.266076,0.764958,0.000000,-0.223712,-0.960976,0.162720,0.000000,0.778402,-0.075687,0.623186,0.000000,0.159650,0.119996,0.108285,1.000000;;
        }

        Frame hair_fl_02 {
         

         FrameTransformMatrix {
          0.936122,0.351473,-0.011835,0.000000,-0.350903,0.931324,-0.097481,0.000000,-0.023240,0.095407,0.995167,0.000000,0.180366,-0.000001,0.000000,1.000000;;
         }

         Frame hair_fl_03 {
          

          FrameTransformMatrix {
           0.891084,0.191960,-0.411246,0.000000,-0.221826,0.974748,-0.025660,0.000000,0.395935,0.114091,0.911163,0.000000,0.180991,-0.000000,0.000002,1.000000;;
          }
         }
        }
       }

       Frame hair_l_01 {
        

        FrameTransformMatrix {
         0.394456,-0.505228,0.767561,0.000000,-0.826821,0.169333,0.536370,0.000000,-0.400963,-0.846210,-0.350939,0.000000,0.162427,0.146992,0.020916,1.000000;;
        }

        Frame hair_l_02 {
         

         FrameTransformMatrix {
          0.987370,0.158416,0.001816,0.000000,-0.158307,0.986114,0.050176,0.000000,0.006158,-0.049830,0.998739,0.000000,-0.135737,-0.000004,-0.000000,1.000000;;
         }

         Frame hair_l_03 {
          

          FrameTransformMatrix {
           0.966386,0.232894,-0.108897,0.000000,-0.239486,0.969516,-0.051802,0.000000,0.093513,0.076140,0.992703,0.000000,-0.129615,0.000002,-0.000000,1.000000;;
          }

          Frame hair_l_04 {
           

           FrameTransformMatrix {
            0.952492,0.161590,-0.258158,0.000000,0.178161,-0.983105,0.041977,0.000000,-0.247014,-0.085977,-0.965190,0.000000,-0.158446,-0.000003,-0.000000,1.000000;;
           }
          }
         }
        }
       }

       Frame hair_l_05 {
        

        FrameTransformMatrix {
         0.299533,0.000817,0.954085,0.000000,0.735178,-0.637566,-0.230262,0.000000,0.608105,0.770394,-0.191573,0.000000,0.177951,0.125989,-0.061398,1.000000;;
        }

        Frame hair_l_06 {
         

         FrameTransformMatrix {
          0.932051,-0.081311,-0.353088,0.000000,0.087873,0.996130,0.002566,0.000000,0.351512,-0.033418,0.935586,0.000000,-0.144524,-0.000004,-0.000003,1.000000;;
         }

         Frame hair_l_07 {
          

          FrameTransformMatrix {
           0.975828,0.065856,-0.208380,0.000000,-0.067958,0.997683,-0.002937,0.000000,0.207704,0.017027,0.978043,0.000000,-0.176333,0.000000,0.000000,1.000000;;
          }
         }
        }
       }

       Frame mouse {
        

        FrameTransformMatrix {
         -0.475842,0.000035,0.879531,0.000000,0.000003,-1.000000,0.000042,0.000000,0.879531,0.000023,0.475842,0.000000,0.098531,-0.000006,0.071045,1.000000;;
        }
       }

       Frame eye_r {
        

        FrameTransformMatrix {
         0.405204,0.000040,0.914226,0.000000,0.000003,-1.000000,0.000042,0.000000,0.914226,-0.000014,-0.405204,0.000000,0.202055,-0.062585,0.138127,1.000000;;
        }
       }

       Frame eye_l {
        

        FrameTransformMatrix {
         0.405204,0.000040,0.914226,0.000000,0.000003,-1.000000,0.000042,0.000000,0.914226,-0.000014,-0.405204,0.000000,0.202055,0.062997,0.138122,1.000000;;
        }
       }
      }

      Frame Bip001_L_Clavicle {
       

       FrameTransformMatrix {
        -0.543021,0.742510,-0.392182,0.000000,0.812606,0.346934,-0.468304,0.000000,-0.211660,-0.572988,-0.791760,0.000000,-0.078769,0.172164,0.019541,1.000000;;
       }

       Frame Bip001_L_UpperArm {
        

        FrameTransformMatrix {
         0.963111,-0.266991,0.033654,0.000000,0.243412,0.810993,-0.532016,0.000000,0.114751,0.520582,0.846065,0.000000,0.136759,0.000000,0.000000,1.000000;;
        }

        Frame Bip001_L_Forearm {
         

         FrameTransformMatrix {
          0.767682,0.000000,-0.640831,0.000000,-0.000000,1.000000,0.000000,0.000000,0.640831,0.000000,0.767682,0.000000,0.530078,-0.000000,0.000000,1.000000;;
         }

         Frame Bip001_L_Hand {
          

          FrameTransformMatrix {
           0.753981,0.316404,-0.575673,0.000000,0.605183,-0.675396,0.421417,0.000000,-0.255469,-0.666129,-0.700719,0.000000,0.541670,-0.000000,-0.000000,1.000000;;
          }

          Frame Bip001_L_Finger0 {
           

           FrameTransformMatrix {
            0.374656,0.925278,0.059107,0.000000,-0.309321,0.184836,-0.932822,0.000000,-0.874044,0.331204,0.355458,0.000000,0.056493,-0.104686,0.058404,1.000000;;
           }

           Frame Bip001_L_Finger01 {
            

            FrameTransformMatrix {
             0.981126,0.000000,-0.193370,0.000000,-0.000000,1.000000,0.000000,0.000000,0.193370,-0.000000,0.981126,0.000000,0.046105,0.000000,0.000000,1.000000;;
            }
           }
          }

          Frame Bip001_L_Finger1 {
           

           FrameTransformMatrix {
            0.804270,-0.099044,0.585953,0.000000,0.101072,0.994446,0.029363,0.000000,-0.585606,0.035608,0.809813,0.000000,0.185427,-0.073637,-0.007124,1.000000;;
           }

           Frame Bip001_L_Finger11 {
            

            FrameTransformMatrix {
             0.601043,-0.000000,0.799216,0.000000,0.000000,1.000000,-0.000000,0.000000,-0.799216,0.000000,0.601043,0.000000,0.058239,0.000000,0.000000,1.000000;;
            }
           }
          }

          Frame Bip001_L_Finger2 {
           

           FrameTransformMatrix {
            -0.325816,-0.010000,0.945380,0.000000,-0.074199,0.997130,-0.015025,0.000000,-0.942517,-0.075041,-0.325623,0.000000,0.187981,-0.017065,-0.016822,1.000000;;
           }

           Frame Bip001_L_Finger21 {
            

            FrameTransformMatrix {
             -0.843950,-0.000000,0.536423,0.000000,-0.000000,1.000000,0.000000,0.000000,-0.536423,0.000000,-0.843950,0.000000,0.073289,0.000000,-0.000000,1.000000;;
            }
           }
          }

          Frame Bip001_L_Finger3 {
           

           FrameTransformMatrix {
            -0.365923,-0.183979,0.912278,0.000000,-0.259486,0.961559,0.089835,0.000000,-0.893738,-0.203851,-0.399597,0.000000,0.189765,0.033555,-0.012718,1.000000;;
           }

           Frame Bip001_L_Finger31 {
            

            FrameTransformMatrix {
             -0.905389,-0.000000,0.424584,0.000000,-0.000000,1.000000,0.000000,0.000000,-0.424584,0.000000,-0.905389,0.000000,0.075398,0.000000,0.000000,1.000000;;
            }
           }
          }

          Frame Bip001_L_Finger4 {
           

           FrameTransformMatrix {
            -0.280825,-0.189010,0.940964,0.000000,-0.291890,0.950795,0.103872,0.000000,-0.914296,-0.245488,-0.322177,0.000000,0.174077,0.078577,-0.009735,1.000000;;
           }

           Frame Bip001_L_Finger41 {
            

            FrameTransformMatrix {
             -0.808078,-0.000000,0.589075,0.000000,0.000000,1.000000,0.000000,0.000000,-0.589075,-0.000000,-0.808078,0.000000,0.046806,0.000000,0.000000,1.000000;;
            }
           }
          }
         }
        }

        Frame shuolder_l {
         

         FrameTransformMatrix {
          -0.467408,0.844940,0.260013,0.000000,-0.151620,0.213142,-0.965185,0.000000,-0.870943,-0.490558,0.028486,0.000000,0.052406,-0.111545,0.026051,1.000000;;
         }
        }
       }
      }

      Frame Bip001_R_Clavicle {
       

       FrameTransformMatrix {
        -0.320083,-0.927553,0.192854,0.000000,-0.906827,0.358890,0.221048,0.000000,-0.274248,-0.104132,-0.956005,0.000000,-0.091693,-0.155256,-0.060819,1.000000;;
       }

       Frame Bip001_R_UpperArm {
        

        FrameTransformMatrix {
         0.658180,0.686871,0.308234,0.000000,-0.494975,0.703289,-0.510279,0.000000,-0.567273,0.183287,0.802874,0.000000,0.136759,0.000000,-0.000000,1.000000;;
        }

        Frame Bip001_R_Forearm {
         

         FrameTransformMatrix {
          0.768878,-0.000000,-0.639396,0.000000,-0.000000,1.000000,-0.000000,0.000000,0.639396,0.000000,0.768878,0.000000,0.530078,0.000000,-0.000000,1.000000;;
         }

         Frame Bip001_R_Hand {
          

          FrameTransformMatrix {
           0.927716,0.371881,0.032366,0.000000,0.114157,-0.200093,-0.973104,0.000000,-0.355402,0.906459,-0.228082,0.000000,0.541670,0.000000,0.000000,1.000000;;
          }

          Frame Bip001_R_Finger0 {
           

           FrameTransformMatrix {
            -0.479817,-0.811563,0.333379,0.000000,0.297445,0.207007,0.932027,0.000000,-0.825410,0.546365,0.142070,0.000000,0.056493,0.104686,0.058404,1.000000;;
           }

           Frame Bip001_R_Finger01 {
            

            FrameTransformMatrix {
             0.955853,-0.000000,0.293846,0.000000,0.000000,1.000000,0.000000,0.000000,-0.293846,-0.000000,0.955853,0.000000,0.046105,0.000000,-0.000000,1.000000;;
            }
           }
          }

          Frame Bip001_R_Finger1 {
           

           FrameTransformMatrix {
            0.257718,0.063853,0.964108,0.000000,-0.086134,0.995360,-0.042899,0.000000,-0.962373,-0.071986,0.262022,0.000000,0.185428,0.073637,-0.007124,1.000000;;
           }

           Frame Bip001_R_Finger11 {
            

            FrameTransformMatrix {
             0.390230,0.000000,0.920718,0.000000,-0.000000,1.000000,0.000000,0.000000,-0.920717,0.000000,0.390229,0.000000,0.058239,-0.000000,0.000000,1.000000;;
            }
           }
          }

          Frame Bip001_R_Finger2 {
           

           FrameTransformMatrix {
            -0.325815,0.010000,0.945380,0.000000,0.074199,0.997130,0.015025,0.000000,-0.942517,0.075041,-0.325623,0.000000,0.187981,0.017065,-0.016823,1.000000;;
           }

           Frame Bip001_R_Finger21 {
            

            FrameTransformMatrix {
             -0.693439,-0.000000,0.720516,0.000000,0.000000,1.000000,0.000000,0.000000,-0.720515,0.000000,-0.693439,0.000000,0.073289,0.000000,0.000000,1.000000;;
            }
           }
          }

          Frame Bip001_R_Finger3 {
           

           FrameTransformMatrix {
            -0.365923,0.183979,0.912278,0.000000,0.259486,0.961560,-0.089835,0.000000,-0.893738,0.203851,-0.399597,0.000000,0.189765,-0.033555,-0.012718,1.000000;;
           }

           Frame Bip001_R_Finger31 {
            

            FrameTransformMatrix {
             -0.905389,0.000000,0.424584,0.000000,-0.000000,1.000000,0.000000,0.000000,-0.424584,-0.000000,-0.905389,0.000000,0.075397,-0.000000,0.000000,1.000000;;
            }
           }
          }

          Frame Bip001_R_Finger4 {
           

           FrameTransformMatrix {
            -0.280825,0.189010,0.940963,0.000000,0.291890,0.950795,-0.103873,0.000000,-0.914296,0.245488,-0.322177,0.000000,0.174077,-0.078577,-0.009735,1.000000;;
           }

           Frame Bip001_R_Finger41 {
            

            FrameTransformMatrix {
             -0.808078,-0.000000,0.589075,0.000000,0.000000,1.000000,0.000000,0.000000,-0.589075,-0.000000,-0.808079,0.000000,0.046806,-0.000000,0.000000,1.000000;;
            }
           }
          }
         }
        }

        Frame shuolder_r {
         

         FrameTransformMatrix {
          -0.476623,-0.704911,-0.525291,0.000000,0.442478,0.323961,-0.836219,0.000000,0.759634,-0.630991,0.157500,0.000000,0.052126,0.111890,0.025994,1.000000;;
         }
        }
       }
      }
     }

     Frame cape_r_01 {
      

      FrameTransformMatrix {
       -0.963929,-0.089782,-0.250561,0.000000,0.060919,0.841978,-0.536062,0.000000,0.259095,-0.531989,-0.806138,0.000000,0.578336,-0.289499,-0.316410,1.000000;;
      }

      Frame cape_r_02 {
       

       FrameTransformMatrix {
        0.995223,0.083397,-0.050736,0.000000,-0.082804,0.996472,0.013680,0.000000,0.051698,-0.009413,0.998618,0.000000,0.501499,0.000000,-0.000000,1.000000;;
       }

       Frame cape_r_03 {
        

        FrameTransformMatrix {
         0.998706,0.040378,-0.030916,0.000000,-0.040805,0.999079,-0.013293,0.000000,0.030350,0.014537,0.999434,0.000000,0.646157,-0.000003,-0.000002,1.000000;;
        }

        Frame cape_r_04 {
         

         FrameTransformMatrix {
          0.996570,0.034417,0.075260,0.000000,-0.033025,0.999262,-0.019669,0.000000,-0.075881,0.017116,0.996970,0.000000,0.597946,-0.000003,-0.000002,1.000000;;
         }
        }
       }
      }
     }

     Frame cape_c_01 {
      

      FrameTransformMatrix {
       -0.935311,0.063488,-0.348085,0.000000,0.103854,0.989699,-0.098546,0.000000,0.338243,-0.128321,-0.932269,0.000000,0.556132,-0.005715,-0.354713,1.000000;;
      }

      Frame cape_c_02 {
       

       FrameTransformMatrix {
        0.987994,0.067961,-0.138739,0.000000,-0.066587,0.997675,0.014525,0.000000,0.139403,-0.005113,0.990222,0.000000,0.501499,0.000000,0.000000,1.000000;;
       }

       Frame cape_c_03 {
        

        FrameTransformMatrix {
         0.991103,0.069933,0.113233,0.000000,-0.069891,0.997545,-0.004343,0.000000,-0.113259,-0.003610,0.993559,0.000000,0.646152,-0.000002,-0.000001,1.000000;;
        }

        Frame cape_c_04 {
         

         FrameTransformMatrix {
          0.998224,0.057655,-0.014975,0.000000,-0.057659,0.998336,0.000150,0.000000,0.014959,0.000714,0.999888,0.000000,0.597949,-0.000004,-0.000003,1.000000;;
         }
        }
       }
      }
     }

     Frame cape_l_01 {
      

      FrameTransformMatrix {
       -0.914539,0.214053,-0.343221,0.000000,0.123354,0.955677,0.267332,0.000000,0.385231,0.202147,-0.900407,0.000000,0.578339,0.288999,-0.316410,1.000000;;
      }

      Frame cape_l_02 {
       

       FrameTransformMatrix {
        0.988156,0.065311,-0.138864,0.000000,-0.063963,0.997851,0.014155,0.000000,0.139490,-0.005105,0.990210,0.000000,0.501499,-0.000000,-0.000000,1.000000;;
       }

       Frame cape_l_03 {
        

        FrameTransformMatrix {
         0.990022,0.083854,-0.113246,0.000000,-0.085052,0.996360,-0.005784,0.000000,0.112349,0.015358,0.993549,0.000000,0.646157,-0.000002,-0.000002,1.000000;;
        }

        Frame cape_l_04 {
         

         FrameTransformMatrix {
          0.994768,0.071273,-0.073184,0.000000,-0.071962,0.997384,-0.006831,0.000000,0.072506,0.012062,0.997295,0.000000,0.597949,-0.000004,-0.000002,1.000000;;
         }
        }
       }
      }
     }
    }

    Frame Bip001_L_Thigh {
     

     FrameTransformMatrix {
      -0.935100,0.354292,-0.008077,0.000000,-0.351758,-0.925162,0.142626,0.000000,0.043059,0.136211,0.989744,0.000000,-0.156769,0.204682,-0.016286,1.000000;;
     }

     Frame Bip001_L_Calf {
      

      FrameTransformMatrix {
       0.950057,-0.000000,-0.312077,0.000000,0.000000,1.000000,-0.000000,0.000000,0.312077,-0.000000,0.950057,0.000000,0.664399,0.000000,0.000000,1.000000;;
      }

      Frame Bip001_L_Foot {
       

       FrameTransformMatrix {
        0.931125,0.336878,0.139714,0.000000,-0.304161,0.928691,-0.212175,0.000000,-0.201228,0.155066,0.967193,0.000000,0.645890,0.000000,-0.000000,1.000000;;
       }

       Frame Bip001_L_Toe0 {
        

        FrameTransformMatrix {
         -0.000001,-0.000000,1.000000,0.000000,0.000001,1.000000,0.000000,0.000000,-1.000000,0.000001,-0.000001,0.000000,0.235426,0.000000,0.277189,1.000000;;
        }
       }
      }
     }
    }

    Frame Bip001_R_Thigh {
     

     FrameTransformMatrix {
      -0.950731,-0.169760,-0.259408,0.000000,0.217525,-0.961484,-0.168024,0.000000,-0.220892,-0.216173,0.951039,0.000000,-0.154163,-0.206651,-0.016287,1.000000;;
     }

     Frame Bip001_R_Calf {
      

      FrameTransformMatrix {
       0.949632,-0.000000,-0.313368,0.000000,0.000000,1.000000,-0.000000,0.000000,0.313368,0.000000,0.949632,0.000000,0.664399,-0.000000,0.000000,1.000000;;
      }

      Frame Bip001_R_Foot {
       

       FrameTransformMatrix {
        0.891743,-0.188662,0.411341,0.000000,0.276836,0.946460,-0.166056,0.000000,-0.357989,0.261953,0.896228,0.000000,0.645890,0.000000,-0.000000,1.000000;;
       }

       Frame Bip001_R_Toe0 {
        

        FrameTransformMatrix {
         -0.000001,0.000001,1.000000,0.000000,0.000000,1.000000,-0.000001,0.000000,-1.000000,0.000000,-0.000001,0.000000,0.235426,0.000000,0.277189,1.000000;;
        }
       }
      }
     }
    }
   }

   Frame skirt_fc_01 {
    

    FrameTransformMatrix {
     -0.998960,-0.000001,0.045605,0.000000,0.000002,-1.000000,0.000037,0.000000,0.045605,0.000038,0.998960,0.000000,-0.163718,-0.003872,0.270446,1.000000;;
    }

    Frame skirt_fc_02 {
     

     FrameTransformMatrix {
      0.997307,-0.000000,-0.073335,0.000000,0.000000,1.000000,-0.000000,0.000000,0.073335,-0.000000,0.997307,0.000000,0.212001,-0.000000,0.000000,1.000000;;
     }

     Frame skirt_fc_03 {
      

      FrameTransformMatrix {
       0.997445,0.000139,-0.071442,0.000000,-0.000139,1.000000,0.000010,0.000000,0.071442,-0.000000,0.997445,0.000000,0.217039,0.000000,0.000000,1.000000;;
      }

      Frame skirt_fc_04 {
       

       FrameTransformMatrix {
        0.999161,0.000307,-0.040952,0.000000,-0.000307,0.999999,0.000013,0.000000,0.040952,-0.000000,0.999161,0.000000,0.204424,-0.000000,0.000000,1.000000;;
       }
      }
     }
    }
   }

   Frame skirt_r_01 {
    

    FrameTransformMatrix {
     -0.960359,-0.246179,0.130781,0.000000,-0.083811,0.702433,0.706799,0.000000,-0.265864,0.667821,-0.695221,0.000000,-0.078507,-0.364829,0.113899,1.000000;;
    }

    Frame skirt_r_02 {
     

     FrameTransformMatrix {
      0.993396,0.091475,0.069276,0.000000,0.090015,-0.995654,0.023916,0.000000,0.071163,-0.017522,-0.997311,0.000000,0.223802,-0.000001,0.000000,1.000000;;
     }

     Frame skirt_r_03 {
      

      FrameTransformMatrix {
       0.995326,-0.082603,0.050007,0.000000,0.080157,0.995572,0.049079,0.000000,-0.053840,-0.044841,0.997542,0.000000,0.340878,0.000000,-0.000002,1.000000;;
      }

      Frame skirt_r_04 {
       

       FrameTransformMatrix {
        0.995182,-0.076594,0.061202,0.000000,0.075404,0.996921,0.021525,0.000000,-0.062662,-0.016807,0.997893,0.000000,0.322146,-0.000000,0.000000,1.000000;;
       }
      }
     }
    }
   }

   Frame skirt_cr_01 {
    

    FrameTransformMatrix {
     -0.936294,-0.325878,-0.130985,0.000000,-0.014001,-0.338020,0.941035,0.000000,-0.350938,0.882919,0.311923,0.000000,-0.019136,-0.368882,-0.155478,1.000000;;
    }

    Frame skirt_cr_02 {
     

     FrameTransformMatrix {
      0.994807,0.047364,0.090071,0.000000,0.045974,-0.998790,0.017448,0.000000,0.090789,-0.013216,-0.995781,0.000000,0.223798,0.000000,-0.000002,1.000000;;
     }

     Frame skirt_cr_03 {
      

      FrameTransformMatrix {
       0.997785,-0.035133,-0.056471,0.000000,0.037789,0.998194,0.046689,0.000000,0.054729,-0.048720,0.997312,0.000000,0.340885,-0.000000,-0.000003,1.000000;;
      }

      Frame skirt_cr_04 {
       

       FrameTransformMatrix {
        0.995145,-0.033201,-0.092653,0.000000,0.034955,0.999238,0.017375,0.000000,0.092005,-0.020529,0.995547,0.000000,0.322146,0.000000,-0.000000,1.000000;;
       }
      }
     }
    }
   }

   Frame skirt_l_01 {
    

    FrameTransformMatrix {
     0.814977,-0.453539,-0.360714,0.000000,-0.037223,-0.662150,0.748446,0.000000,-0.578297,-0.596540,-0.556519,0.000000,-0.078508,0.365004,0.113872,1.000000;;
    }

    Frame skirt_l_02 {
     

     FrameTransformMatrix {
      0.950370,-0.041191,-0.308384,0.000000,-0.035100,-0.999064,0.025278,0.000000,-0.309137,-0.013199,-0.950926,0.000000,-0.223800,-0.000000,-0.000002,1.000000;;
     }

     Frame skirt_l_03 {
      

      FrameTransformMatrix {
       0.976459,0.039797,0.211997,0.000000,-0.049049,0.998052,0.038563,0.000000,-0.210049,-0.048053,0.976509,0.000000,-0.340881,-0.000000,0.000003,1.000000;;
      }

      Frame skirt_l_04 {
       

       FrameTransformMatrix {
        0.978354,0.044469,0.202098,0.000000,-0.047468,0.998823,0.010013,0.000000,-0.201415,-0.019390,0.979314,0.000000,-0.322145,0.000000,0.000000,1.000000;;
       }
      }
     }
    }
   }

   Frame skirt_cl_01 {
    

    FrameTransformMatrix {
     0.906062,-0.401620,0.133235,0.000000,0.001748,0.318418,0.947949,0.000000,-0.423140,-0.858668,0.289209,0.000000,-0.018667,0.369750,-0.155666,1.000000;;
    }

    Frame skirt_cl_02 {
     

     FrameTransformMatrix {
      0.992557,-0.040589,-0.114813,0.000000,-0.038795,-0.999087,0.017819,0.000000,-0.115431,-0.013232,-0.993227,0.000000,-0.223804,0.000000,0.000000,1.000000;;
     }

     Frame skirt_cl_03 {
      

      FrameTransformMatrix {
       0.998664,0.047613,0.020068,0.000000,-0.048538,0.997645,0.048451,0.000000,-0.017713,-0.049360,0.998623,0.000000,-0.340884,0.000000,0.000000,1.000000;;
      }

      Frame skirt_cl_04 {
       

       FrameTransformMatrix {
        0.998571,0.049238,0.020758,0.000000,-0.049678,0.998539,0.021241,0.000000,-0.019682,-0.022242,0.999559,0.000000,-0.322145,0.000000,0.000000,1.000000;;
       }
      }
     }
    }
   }
  }

  Frame Bip001_Prop1 {
   

   FrameTransformMatrix {
    -0.152391,0.015037,-0.988206,0.000000,0.776698,0.620134,-0.110338,0.000000,0.611161,-0.784352,-0.106182,0.000000,0.116783,-0.064503,-0.716110,1.000000;;
   }

   Frame weapon_sub {
    

    FrameTransformMatrix {
     1.000000,0.000078,-0.000000,0.000000,0.000000,-0.000000,1.000000,0.000000,0.000078,-1.000000,-0.000000,0.000000,0.000194,0.193092,-0.000371,1.000000;;
    }
   }
  }

  Frame Bip001_Prop2 {
   

   FrameTransformMatrix {
    -0.122914,-0.965487,-0.229625,0.000000,-0.824631,-0.029372,0.564907,0.000000,-0.552155,0.258791,-0.792561,0.000000,-0.405389,0.190920,0.860479,1.000000;;
   }
  }
 }
}

Frame omniknight {
 

 FrameTransformMatrix {
  39.370080,0.000000,0.000000,0.000000,0.000000,39.370080,0.000000,0.000000,0.000000,0.000000,39.370080,0.000000,0.000679,-0.000000,-0.000000,1.000000;;
 }

 Mesh omniknight {
  4772;
  0.819086;1.824086;-0.053822;,
  0.792188;2.012906;0.053684;,
  0.755191;1.957161;0.089768;,
  0.853871;1.872123;-0.082663;,
  0.746292;2.149771;0.065040;,
  0.790566;2.054235;-0.009310;,
  0.763424;2.080784;0.113012;,
  0.736937;2.133326;0.139048;,
  0.704581;2.217372;0.087275;,
  0.698634;2.175372;0.145408;,
  0.635861;2.244115;0.156751;,
  0.638179;2.259881;0.104636;,
  0.654402;2.129701;0.182231;,
  0.596923;2.203950;0.184607;,
  0.620818;2.207036;0.224440;,
  0.416320;2.226844;0.161481;,
  0.509837;2.113702;0.169470;,
  0.472663;2.353735;0.222366;,
  0.690081;2.070568;0.185471;,
  0.515714;2.142948;0.120048;,
  0.367909;2.315702;0.248863;,
  0.369099;2.419181;0.257289;,
  0.410252;2.212222;0.082526;,
  0.348046;2.227016;0.181587;,
  0.362229;2.237609;0.052940;,
  0.492835;2.123234;0.064817;,
  0.563401;2.078724;0.112391;,
  0.718558;2.023265;0.151159;,
  0.577884;2.027717;0.106508;,
  0.621429;1.997498;0.083697;,
  0.674170;1.931759;0.044171;,
  0.755189;1.822752;-0.076389;,
  0.639897;2.130693;-0.048452;,
  0.764518;2.074979;-0.066985;,
  0.692086;2.049430;-0.094434;,
  0.719586;2.164946;-0.015535;,
  0.636620;1.996263;-0.077054;,
  0.570511;2.071535;-0.047071;,
  0.851659;1.918230;-0.130457;,
  0.816716;1.928389;-0.166954;,
  0.773310;1.925816;-0.195770;,
  0.730513;1.882049;-0.180837;,
  0.728787;1.844573;-0.141949;,
  0.631276;1.947204;-0.026896;,
  0.586270;2.015437;0.002815;,
  0.755189;1.822752;-0.076389;,
  0.674170;1.931759;0.044171;,
  0.621429;1.997498;0.083697;,
  0.548194;2.039455;0.017195;,
  0.577884;2.027717;0.106508;,
  0.556653;2.118398;-0.027095;,
  0.540180;2.086238;0.029965;,
  0.611628;2.184580;-0.034055;,
  0.664957;2.218215;0.003444;,
  0.614591;2.251856;0.045248;,
  0.671777;2.287823;0.097454;,
  0.637501;2.272152;0.021837;,
  0.654428;2.259287;0.178023;,
  0.503861;2.431150;0.174421;,
  0.524884;2.469870;0.099097;,
  0.563401;2.078724;0.112391;,
  0.515714;2.142948;0.120048;,
  0.579799;2.223084;0.006386;,
  0.533321;2.179684;0.015989;,
  0.522733;2.158368;0.076335;,
  0.522733;2.158368;0.076335;,
  0.492835;2.123234;0.064817;,
  0.430401;2.259570;0.013471;,
  0.525948;2.174916;-0.010469;,
  0.410252;2.212222;0.082526;,
  0.362229;2.237609;0.052940;,
  0.357525;2.313774;-0.036443;,
  0.472461;2.380811;-0.030745;,
  0.388206;2.463959;-0.063482;,
  0.508230;2.445445;0.023448;,
  0.409565;2.578284;-0.003807;,
  0.584067;2.233284;-0.029370;,
  0.400989;2.568785;0.174137;,
  0.416858;2.617419;0.085433;,
  0.314584;2.610202;0.090026;,
  0.320926;2.552101;0.215141;,
  0.323526;2.421508;0.275573;,
  0.329356;2.579804;-0.028247;,
  0.335913;2.499986;-0.088647;,
  0.090768;2.608466;0.226992;,
  0.000000;2.378410;0.348758;,
  0.115016;2.393149;0.345793;,
  0.000000;2.596994;0.243188;,
  0.221486;2.425921;0.310799;,
  0.188014;2.611299;0.195751;,
  0.320926;2.552101;0.215141;,
  0.323526;2.421508;0.275573;,
  0.314584;2.610202;0.090026;,
  0.211451;1.798274;0.163488;,
  0.262694;1.867844;0.085908;,
  0.197062;1.885938;0.160584;,
  0.272788;1.785734;0.094209;,
  0.101210;1.802233;0.200225;,
  0.093713;1.893411;0.192408;,
  0.081459;1.949242;0.215240;,
  0.000000;1.897604;0.207426;,
  0.000000;1.944758;0.215176;,
  0.000000;2.078333;0.270810;,
  0.102370;2.096670;0.273906;,
  0.000000;2.246864;0.334000;,
  0.114075;2.255226;0.338979;,
  0.237227;2.297340;0.315635;,
  0.326220;2.307034;0.258728;,
  0.261771;2.153905;0.256576;,
  0.209140;1.951883;0.179312;,
  0.268874;1.957133;0.089897;,
  0.308826;2.100001;0.128075;,
  0.273176;1.955964;-0.071184;,
  0.302203;2.160008;-0.101716;,
  0.320313;2.109830;-0.006162;,
  0.362229;2.237609;0.052940;,
  0.330483;2.283092;-0.065722;,
  0.357525;2.313774;-0.036443;,
  0.344729;2.214879;0.036938;,
  0.326540;2.202287;0.181371;,
  0.348046;2.227016;0.181587;,
  0.308826;2.100001;0.128075;,
  0.268874;1.957133;0.089897;,
  0.282546;1.845723;-0.010508;,
  0.262694;1.867844;0.085908;,
  0.258956;1.830160;-0.113351;,
  0.280568;1.747127;-0.107069;,
  0.206358;1.731132;-0.188503;,
  0.187576;1.817791;-0.186601;,
  0.218102;1.909833;-0.161611;,
  0.230082;1.997798;-0.166451;,
  0.262994;2.262039;-0.156169;,
  0.121166;2.038142;-0.220460;,
  0.147019;2.400037;-0.242311;,
  0.272788;1.785734;0.094209;,
  0.299076;1.770200;0.002000;,
  0.000000;2.355273;-0.314125;,
  0.000000;2.067718;-0.265395;,
  0.000000;2.466317;-0.225645;,
  0.128671;2.498163;-0.175268;,
  0.082360;2.633656;-0.074349;,
  0.000000;2.676259;-0.104144;,
  0.064664;2.704826;-0.074480;,
  0.000051;2.626605;-0.101787;,
  0.000000;2.692187;0.043883;,
  0.110650;2.726123;-0.046840;,
  0.134001;2.657133;-0.040184;,
  0.225155;2.533090;-0.109011;,
  0.267110;2.453549;-0.154894;,
  0.000000;2.721667;0.151155;,
  0.090768;2.608466;0.226992;,
  0.057147;2.722444;0.149006;,
  0.000000;2.596994;0.243188;,
  0.129070;2.703717;0.084818;,
  0.188014;2.611299;0.195751;,
  0.113290;2.777210;0.058419;,
  0.051557;2.796215;0.120802;,
  0.314584;2.610202;0.090026;,
  0.329356;2.579804;-0.028247;,
  0.335913;2.499986;-0.088647;,
  0.325607;2.400568;-0.103707;,
  0.388206;2.463959;-0.063482;,
  0.000000;2.796748;0.130625;,
  0.121161;1.929003;-0.227510;,
  0.091795;1.795771;-0.223366;,
  0.000000;1.821852;-0.248585;,
  0.000000;1.931040;-0.257076;,
  0.111262;1.706076;-0.233078;,
  0.000000;1.779707;-0.260965;,
  0.369099;2.419181;0.257289;,
  0.367909;2.315702;0.248863;,
  0.326540;2.202287;0.181371;,
  0.348046;2.227016;0.181587;,
  0.675625;0.850468;0.589409;,
  0.714312;0.939546;0.635649;,
  0.660015;1.174592;0.598385;,
  0.712086;0.801299;0.624140;,
  0.727424;0.877469;0.642802;,
  0.596857;1.089316;0.524037;,
  0.640993;0.839530;0.549106;,
  0.699302;0.679337;0.605630;,
  0.677608;0.650774;0.576778;,
  0.690934;0.595608;0.599604;,
  0.536502;0.616412;0.574768;,
  0.590612;0.513413;0.611051;,
  0.547256;0.548807;0.590004;,
  0.429767;0.597301;0.621079;,
  0.456803;0.484649;0.617886;,
  0.413251;0.444629;0.659872;,
  0.379519;0.480405;0.680580;,
  0.346807;0.489557;0.693096;,
  0.229471;0.571428;0.715673;,
  0.291646;0.490843;0.716101;,
  0.270131;0.478388;0.721437;,
  0.181057;0.397626;0.744679;,
  0.249342;0.404110;0.731827;,
  0.000000;0.574285;0.739518;,
  0.000000;0.403206;0.747002;,
  0.209517;0.798599;0.703041;,
  0.000000;0.574285;0.739518;,
  0.502607;0.814175;0.557313;,
  0.461197;1.080073;0.527371;,
  0.533900;1.393937;0.473163;,
  0.407615;1.414376;0.482626;,
  0.489317;1.700440;0.442764;,
  0.380489;1.715768;0.461773;,
  0.147823;1.718706;0.534184;,
  0.315565;2.049543;0.432674;,
  0.158990;2.061725;0.490082;,
  0.194746;2.339453;0.425505;,
  0.164970;1.401860;0.578733;,
  0.188594;1.088116;0.650381;,
  0.000000;0.790744;0.725644;,
  0.000000;1.092075;0.668973;,
  0.000000;2.017506;0.476935;,
  0.000000;1.708598;0.536623;,
  0.000000;2.301721;0.433354;,
  0.067229;2.653211;0.226919;,
  0.132225;2.635490;0.185459;,
  0.062804;2.622336;0.221403;,
  0.140520;2.666628;0.188570;,
  0.088919;2.641681;0.274297;,
  0.179914;2.664691;0.206869;,
  0.122405;2.535845;0.334675;,
  0.335331;2.552496;0.309667;,
  0.322190;2.355174;0.388639;,
  0.511319;2.089635;0.415969;,
  0.561362;1.745803;0.476313;,
  0.600859;1.460659;0.535575;,
  0.000000;2.301721;0.433354;,
  0.000000;2.528924;0.344350;,
  0.170169;2.656588;0.126397;,
  0.177478;2.688152;0.128101;,
  0.176697;2.670191;0.006164;,
  0.195201;2.712255;0.001143;,
  0.321141;2.687980;0.118205;,
  0.212069;2.706929;0.000589;,
  0.204521;2.686087;0.131328;,
  0.304952;2.661913;0.204054;,
  0.454426;2.617129;0.183180;,
  0.471333;2.517850;0.285517;,
  0.477455;2.357982;0.373219;,
  0.417499;2.640176;0.104213;,
  0.384807;2.638235;0.030590;,
  0.000000;1.384598;0.594745;,
  0.000000;2.651754;0.237392;,
  0.000000;2.622162;0.233036;,
  0.000000;2.634377;0.306002;,
  0.000000;1.331464;-0.298878;,
  0.000000;1.490390;-0.305557;,
  0.132684;1.487057;-0.285471;,
  0.000000;1.489753;-0.201590;,
  0.121261;1.477394;-0.244114;,
  0.205336;1.588960;-0.228971;,
  0.267206;1.664470;-0.170298;,
  0.129990;1.604466;-0.270407;,
  0.233158;0.634690;0.106523;,
  0.214932;0.790223;0.131149;,
  0.238738;0.780046;0.053423;,
  0.217053;0.853656;0.044386;,
  0.237009;0.859606;0.179926;,
  0.212836;0.908243;0.124394;,
  0.151162;0.990472;0.007100;,
