xof 0303txt 0032
template ColorRGBA {
 <35ff44e0-6c7c-11cf-8f52-0040333594a3>
 FLOAT red;
 FLOAT green;
 FLOAT blue;
 FLOAT alpha;
}

template ColorRGB {
 <d3e16e81-7835-11cf-8f52-0040333594a3>
 FLOAT red;
 FLOAT green;
 FLOAT blue;
}

template Material {
 <3d82ab4d-62da-11cf-ab39-0020af71e433>
 ColorRGBA faceColor;
 FLOAT power;
 ColorRGB specularColor;
 ColorRGB emissiveColor;
 [...]
}

template TextureFilename {
 <a42790e1-7810-11cf-8f52-0040333594a3>
 STRING filename;
}

template Frame {
 <3d82ab46-62da-11cf-ab39-0020af71e433>
 [...]
}

template Matrix4x4 {
 <f6f23f45-7686-11cf-8f52-0040333594a3>
 array FLOAT matrix[16];
}

template FrameTransformMatrix {
 <f6f23f41-7686-11cf-8f52-0040333594a3>
 Matrix4x4 frameMatrix;
}

template Vector {
 <3d82ab5e-62da-11cf-ab39-0020af71e433>
 FLOAT x;
 FLOAT y;
 FLOAT z;
}

template MeshFace {
 <3d82ab5f-62da-11cf-ab39-0020af71e433>
 DWORD nFaceVertexIndices;
 array DWORD faceVertexIndices[nFaceVertexIndices];
}

template Mesh {
 <3d82ab44-62da-11cf-ab39-0020af71e433>
 DWORD nVertices;
 array Vector vertices[nVertices];
 DWORD nFaces;
 array MeshFace faces[nFaces];
 [...]
}

template MeshNormals {
 <f6f23f43-7686-11cf-8f52-0040333594a3>
 DWORD nNormals;
 array Vector normals[nNormals];
 DWORD nFaceNormals;
 array MeshFace faceNormals[nFaceNormals];
}

template MeshMaterialList {
 <f6f23f42-7686-11cf-8f52-0040333594a3>
 DWORD nMaterials;
 DWORD nFaceIndexes;
 array DWORD faceIndexes[nFaceIndexes];
 [Material <3d82ab4d-62da-11cf-ab39-0020af71e433>]
}

template Coords2d {
 <f6f23f44-7686-11cf-8f52-0040333594a3>
 FLOAT u;
 FLOAT v;
}

template MeshTextureCoords {
 <f6f23f40-7686-11cf-8f52-0040333594a3>
 DWORD nTextureCoords;
 array Coords2d textureCoords[nTextureCoords];
}

template XSkinMeshHeader {
 <3cf169ce-ff7c-44ab-93c0-f78f62d172e2>
 WORD nMaxSkinWeightsPerVertex;
 WORD nMaxSkinWeightsPerFace;
 WORD nBones;
}

template SkinWeights {
 <6f0d123b-bad2-4167-a0d0-80224f25fabb>
 STRING transformNodeName;
 DWORD nWeights;
 array DWORD vertexIndices[nWeights];
 array FLOAT weights[nWeights];
 Matrix4x4 matrixOffset;
}

template AnimTicksPerSecond {
 <9e415a43-7ba6-4a73-8743-b73d47e88476>
 DWORD AnimTicksPerSecond;
}

template Animation {
 <3d82ab4f-62da-11cf-ab39-0020af71e433>
 [...]
}

template AnimationSet {
 <3d82ab50-62da-11cf-ab39-0020af71e433>
 [Animation <3d82ab4f-62da-11cf-ab39-0020af71e433>]
}

template FloatKeys {
 <10dd46a9-775b-11cf-8f52-0040333594a3>
 DWORD nValues;
 array FLOAT values[nValues];
}

template TimedFloatKeys {
 <f406b180-7b3b-11cf-8f52-0040333594a3>
 DWORD time;
 FloatKeys tfkeys;
}

template AnimationKey {
 <10dd46a8-775b-11cf-8f52-0040333594a3>
 DWORD keyType;
 DWORD nKeys;
 array TimedFloatKeys keys[nKeys];
}


Material _01_-_Default {
 1.000000;1.000000;1.000000;1.000000;;
 9.999999;
 0.000000;0.000000;0.000000;;
 0.000000;0.000000;0.000000;;

 TextureFilename {
  "arthur_01.png";
 }
}

Frame movement {
 

 FrameTransformMatrix {
  39.370080,0.000000,0.000000,0.000000,0.000000,39.370080,0.000000,0.000000,0.000000,0.000000,39.370080,0.000000,0.000000,0.000000,0.000000,1.000000;;
 }

 Frame Bip001_ {
  

  FrameTransformMatrix {
   -0.537333,0.000003,-0.843370,0.000000,0.000002,1.000000,0.000002,0.000000,0.843370,0.000000,-0.537333,0.000000,0.010649,1.460967,0.006304,1.000000;;
  }

  Frame Bip001_Pelvis_ {
   

   FrameTransformMatrix {
    -0.000000,1.000000,0.000000,0.000000,-0.000002,-0.000000,1.000000,0.000000,1.000000,0.000000,0.000002,0.000000,0.000000,0.000000,0.000000,1.000000;;
   }

   Frame Bip001_Spine_ {
    

    FrameTransformMatrix {
     0.994533,-0.006332,-0.104239,0.000000,0.006298,0.999980,-0.000662,0.000000,0.104241,0.000002,0.994552,0.000000,0.156320,-0.000000,-0.000008,1.000000;;
    }

    Frame Bip001_Spine1_ {
     

     FrameTransformMatrix {
      0.999893,0.002169,-0.014470,0.000000,-0.003414,0.996242,-0.086546,0.000000,0.014228,0.086586,0.996143,0.000000,0.276937,-0.000049,-0.000565,1.000000;;
     }

     Frame Bip001_Neck_ {
      

      FrameTransformMatrix {
       0.960118,0.038306,0.276959,0.000000,0.030321,0.970463,-0.239335,0.000000,-0.277947,0.238187,0.930598,0.000000,0.722308,-0.000023,-0.044439,1.000000;;
      }

      Frame Bip001_Head_ {
       

       FrameTransformMatrix {
        0.986425,0.127637,0.103317,0.000000,-0.110864,0.981771,-0.154388,0.000000,-0.121139,0.140838,0.982593,0.000000,0.075872,0.000005,-0.018761,1.000000;;
       }

       Frame hair_fr_01 {
        

        FrameTransformMatrix {
         -0.966940,0.000007,0.255005,0.000000,0.000004,-1.000000,0.000041,0.000000,0.255005,0.000041,0.966940,0.000000,0.159656,-0.119908,0.108294,1.000000;;
        }

        Frame hair_fr_02 {
         

         FrameTransformMatrix {
          0.916456,-0.000000,0.400136,0.000000,0.000000,1.000000,-0.000000,0.000000,-0.400136,-0.000000,0.916456,0.000000,0.180374,0.000000,-0.000000,1.000000;;
         }

         Frame hair_fr_03 {
          

          FrameTransformMatrix {
           0.993460,-0.000032,0.114181,0.000000,0.000032,1.000000,0.000004,0.000000,-0.114181,-0.000000,0.993460,0.000000,0.180988,0.000000,0.000003,1.000000;;
          }
         }
        }
       }

       Frame hair_r_05 {
        

        FrameTransformMatrix {
         -0.900402,-0.277049,-0.335441,0.000000,-0.271941,-0.243436,0.931014,0.000000,-0.339595,0.929507,0.143849,0.000000,0.177951,-0.125623,-0.061387,1.000000;;
        }

        Frame hair_r_06 {
         

         FrameTransformMatrix {
          0.632911,-0.761712,-0.138627,0.000000,0.547183,0.566755,-0.615938,0.000000,0.547735,0.313979,0.775502,0.000000,0.144524,0.000000,0.000000,1.000000;;
         }

         Frame hair_r_07 {
          

          FrameTransformMatrix {
           0.856888,-0.509480,-0.078569,0.000000,0.489988,0.852318,-0.182939,0.000000,0.160169,0.118260,0.979979,0.000000,0.176333,0.000000,0.000001,1.000000;;
          }
         }
        }
       }

       Frame hair_r_01 {
        

        FrameTransformMatrix {
         -0.970101,-0.155263,-0.186539,0.000000,0.204390,-0.108177,-0.972894,0.000000,0.130876,-0.981932,0.136677,0.000000,0.162427,-0.147178,0.020929,1.000000;;
        }

        Frame hair_r_02 {
         

         FrameTransformMatrix {
          0.727288,0.668551,0.155217,0.000000,-0.668208,0.741366,-0.062244,0.000000,-0.156686,-0.058448,0.985918,0.000000,0.135734,0.000002,0.000000,1.000000;;
         }

         Frame hair_r_03 {
          

          FrameTransformMatrix {
           0.922854,0.343580,0.174049,0.000000,-0.272784,0.902092,-0.334393,0.000000,-0.271899,0.261118,0.926223,0.000000,0.129615,0.000000,0.000000,1.000000;;
          }

          Frame hair_r_04 {
           

           FrameTransformMatrix {
            0.566563,-0.449856,-0.690390,0.000000,-0.540169,-0.835461,0.101097,0.000000,-0.622273,0.315649,-0.716339,0.000000,0.158446,0.000001,0.000001,1.000000;;
           }
          }
         }
        }
       }

       Frame hair_bc_01 {
        

        FrameTransformMatrix {
         -0.742636,-0.000031,-0.669696,0.000000,0.000003,-1.000000,0.000042,0.000000,-0.669696,0.000029,0.742636,0.000000,0.144511,-0.000016,-0.158678,1.000000;;
        }

        Frame hair_bc_02 {
         

         FrameTransformMatrix {
          0.981082,0.000138,0.193594,0.000000,-0.000135,1.000000,-0.000027,0.000000,-0.193594,-0.000000,0.981082,0.000000,0.149824,0.000000,0.000005,1.000000;;
         }

         Frame hair_bc_03 {
          

          FrameTransformMatrix {
           0.916690,-0.000008,0.399597,0.000000,0.000007,1.000000,0.000003,0.000000,-0.399598,0.000000,0.916691,0.000000,0.215522,-0.000000,0.000000,1.000000;;
          }

          Frame hair_bc_04 {
           

           FrameTransformMatrix {
            0.969342,0.000006,0.245717,0.000000,-0.000006,1.000000,-0.000001,0.000000,-0.245716,-0.000000,0.969341,0.000000,0.182448,0.000000,-0.000000,1.000000;;
           }
          }
         }
        }
       }

       Frame hair_br_01 {
        

        FrameTransformMatrix {
         -0.840508,-0.097374,-0.532977,0.000000,-0.018865,-0.977861,0.208405,0.000000,-0.541470,0.185221,0.820062,0.000000,0.172851,-0.073662,-0.182172,1.000000;;
        }

        Frame hair_br_02 {
         

         FrameTransformMatrix {
          0.988690,0.000000,-0.149969,0.000000,0.000000,1.000000,0.000000,0.000000,0.149969,0.000000,0.988691,0.000000,0.132108,-0.000000,0.000000,1.000000;;
         }

         Frame hair_br_03 {
          

          FrameTransformMatrix {
           0.931367,-0.000003,0.364081,0.000000,0.000003,1.000000,0.000001,0.000000,-0.364081,-0.000000,0.931367,0.000000,0.222768,-0.000000,-0.000003,1.000000;;
          }

          Frame hair_br_04 {
           

           FrameTransformMatrix {
            0.963845,0.000000,0.266466,0.000000,-0.000000,1.000000,-0.000000,0.000000,-0.266466,0.000000,0.963844,0.000000,0.150843,-0.000000,0.000002,1.000000;;
           }
          }
         }
        }
       }

       Frame hair_bl_01 {
        

        FrameTransformMatrix {
         -0.837752,0.132833,-0.529648,0.000000,0.008996,-0.966472,-0.256616,0.000000,-0.545977,-0.219745,0.808468,0.000000,0.171814,0.065989,-0.186041,1.000000;;
        }

        Frame hair_bl_02 {
         

         FrameTransformMatrix {
          0.988666,0.000039,-0.150131,0.000000,-0.000039,1.000000,0.000006,0.000000,0.150131,0.000000,0.988666,0.000000,0.132106,0.000000,-0.000001,1.000000;;
         }

         Frame hair_bl_03 {
          

          FrameTransformMatrix {
           0.931351,-0.000000,0.364124,0.000000,-0.000000,1.000000,0.000000,0.000000,-0.364124,-0.000000,0.931351,0.000000,0.222766,0.000000,-0.000006,1.000000;;
          }

          Frame hair_bl_04 {
           

           FrameTransformMatrix {
            0.963844,0.000000,0.266466,0.000000,-0.000000,1.000000,-0.000000,0.000000,-0.266466,0.000000,0.963844,0.000000,0.150841,0.000000,0.000000,1.000000;;
           }
          }
         }
        }
       }

       Frame hair_fl_01 {
        

        FrameTransformMatrix {
         -0.966940,0.000007,0.255005,0.000000,0.000004,-1.000000,0.000041,0.000000,0.255005,0.000041,0.966940,0.000000,0.159650,0.119996,0.108285,1.000000;;
        }

        Frame hair_fl_02 {
         

         FrameTransformMatrix {
          0.916456,0.000000,0.400135,0.000000,0.000000,1.000000,-0.000000,0.000000,-0.400135,-0.000000,0.916456,0.000000,0.180363,0.000000,0.000000,1.000000;;
         }

         Frame hair_fl_03 {
          

          FrameTransformMatrix {
           0.993317,0.000000,0.115416,0.000000,0.000000,1.000000,0.000000,0.000000,-0.115416,0.000000,0.993317,0.000000,0.180997,0.000000,-0.000001,1.000000;;
          }
         }
        }
       }

       Frame hair_l_01 {
        

        FrameTransformMatrix {
         0.970390,-0.150813,0.188675,0.000000,-0.205534,-0.105247,0.972973,0.000000,-0.126880,-0.982944,-0.133128,0.000000,0.162427,0.146992,0.020916,1.000000;;
        }

        Frame hair_l_02 {
         

         FrameTransformMatrix {
          0.727138,0.668722,0.155191,0.000000,-0.668375,0.741213,-0.062279,0.000000,-0.156677,-0.058441,0.985920,0.000000,-0.135737,0.000000,-0.000000,1.000000;;
         }

         Frame hair_l_03 {
          

          FrameTransformMatrix {
           0.923000,0.343138,0.174149,0.000000,-0.272349,0.902253,-0.334311,0.000000,-0.271842,0.261140,0.926233,0.000000,-0.129613,-0.000005,0.000000,1.000000;;
          }

          Frame hair_l_04 {
           

           FrameTransformMatrix {
            0.566483,-0.450275,-0.690181,0.000000,-0.540405,-0.835276,0.101384,0.000000,-0.622141,0.315544,-0.716500,0.000000,-0.158445,0.000003,0.000001,1.000000;;
           }
          }
         }
        }
       }

       Frame hair_l_05 {
        

        FrameTransformMatrix {
         0.901479,-0.277468,0.332185,0.000000,0.273870,-0.228631,-0.934197,0.000000,0.335158,0.933134,-0.130116,0.000000,0.177951,0.125988,-0.061398,1.000000;;
        }

        Frame hair_l_06 {
         

         FrameTransformMatrix {
          0.632909,-0.761712,-0.138628,0.000000,0.547184,0.566754,-0.615938,0.000000,0.547735,0.313978,0.775501,0.000000,-0.144527,-0.000002,0.000000,1.000000;;
         }

         Frame hair_l_07 {
          

          FrameTransformMatrix {
           0.857089,-0.509151,-0.078502,0.000000,0.489673,0.852502,-0.182909,0.000000,0.160052,0.118329,0.979990,0.000000,-0.176332,0.000003,0.000004,1.000000;;
          }
         }
        }
       }

       Frame mouse {
        

        FrameTransformMatrix {
         -0.475842,0.000035,0.879531,0.000000,0.000003,-1.000000,0.000042,0.000000,0.879531,0.000023,0.475842,0.000000,0.098531,-0.000006,0.071045,1.000000;;
        }
       }

       Frame eye_r {
        

        FrameTransformMatrix {
         0.405204,0.000040,0.914226,0.000000,0.000003,-1.000000,0.000042,0.000000,0.914226,-0.000014,-0.405204,0.000000,0.202055,-0.062585,0.138127,1.000000;;
        }
       }

       Frame eye_l {
        

        FrameTransformMatrix {
         0.405204,0.000040,0.914226,0.000000,0.000003,-1.000000,0.000042,0.000000,0.914226,-0.000014,-0.405204,0.000000,0.202055,0.062997,0.138122,1.000000;;
        }
       }
      }

      Frame Bip001_L_Clavicle_ {
       

       FrameTransformMatrix {
        -0.543021,0.742510,-0.392182,0.000000,0.812606,0.346933,-0.468304,0.000000,-0.211660,-0.572988,-0.791760,0.000000,-0.078769,0.172164,0.019540,1.000000;;
       }

       Frame Bip001_L_UpperArm_ {
        

        FrameTransformMatrix {
         0.963111,-0.266991,0.033654,0.000000,0.243412,0.810993,-0.532016,0.000000,0.114751,0.520582,0.846065,0.000000,0.136759,0.000000,0.000000,1.000000;;
        }

        Frame Bip001_L_Forearm_ {
         

         FrameTransformMatrix {
          0.767682,-0.000000,-0.640831,0.000000,0.000000,1.000000,-0.000000,0.000000,0.640831,0.000000,0.767682,0.000000,0.530078,0.000000,0.000000,1.000000;;
         }

         Frame Bip001_L_Hand_ {
          

          FrameTransformMatrix {
           0.753981,0.316404,-0.575674,0.000000,0.605184,-0.675397,0.421417,0.000000,-0.255470,-0.666129,-0.700719,0.000000,0.541670,-0.000000,-0.000000,1.000000;;
          }

          Frame Bip001_L_Finger0_ {
           

           FrameTransformMatrix {
            0.660486,0.190427,0.726289,0.000000,0.695562,0.209095,-0.687366,0.000000,-0.282756,0.959175,0.005650,0.000000,0.056493,-0.104686,0.058404,1.000000;;
           }

           Frame Bip001_L_Finger01_ {
            

            FrameTransformMatrix {
             0.834512,0.000000,0.550991,0.000000,0.000000,1.000000,-0.000000,0.000000,-0.550991,-0.000000,0.834512,0.000000,0.046106,0.000000,0.000000,1.000000;;
            }
           }
          }

          Frame Bip001_L_Finger1_ {
           

           FrameTransformMatrix {
            0.293502,-0.066499,0.953643,0.000000,0.086134,0.995360,0.042899,0.000000,-0.952070,0.069550,0.297868,0.000000,0.185428,-0.073636,-0.007124,1.000000;;
           }

           Frame Bip001_L_Finger11_ {
            

            FrameTransformMatrix {
             0.365398,-0.000000,0.930852,0.000000,0.000000,1.000000,0.000000,0.000000,-0.930851,-0.000000,0.365398,0.000000,0.058239,0.000000,-0.000000,1.000000;;
            }
           }
          }

          Frame Bip001_L_Finger2_ {
           

           FrameTransformMatrix {
            0.304853,0.037025,0.951680,0.000000,-0.074199,0.997130,-0.015025,0.000000,-0.949504,-0.066033,0.306726,0.000000,0.187981,-0.017065,-0.016823,1.000000;;
           }

           Frame Bip001_L_Finger21_ {
            

            FrameTransformMatrix {
             0.165662,-0.000000,0.986183,0.000000,-0.000000,1.000000,0.000000,0.000000,-0.986183,-0.000000,0.165662,0.000000,0.073289,0.000000,-0.000000,1.000000;;
            }
           }
          }

          Frame Bip001_L_Finger3_ {
           

           FrameTransformMatrix {
            0.243500,-0.024874,0.969582,0.000000,-0.259486,0.961559,0.089835,0.000000,-0.934545,-0.273468,0.227685,0.000000,0.189765,0.033555,-0.012718,1.000000;;
           }

           Frame Bip001_L_Finger31_ {
            

            FrameTransformMatrix {
             0.217499,0.000000,0.976061,0.000000,0.000000,1.000000,0.000000,0.000000,-0.976061,-0.000000,0.217499,0.000000,0.075397,0.000000,0.000000,1.000000;;
            }
           }
          }

          Frame Bip001_L_Finger4_ {
           

           FrameTransformMatrix {
            0.323914,-0.003917,0.946078,0.000000,-0.291890,0.950795,0.103872,0.000000,-0.899933,-0.309796,0.306832,0.000000,0.174077,0.078577,-0.009735,1.000000;;
           }

           Frame Bip001_L_Finger41_ {
            

            FrameTransformMatrix {
             0.309775,0.000000,0.950809,0.000000,0.000000,1.000000,0.000000,0.000000,-0.950810,0.000000,0.309776,0.000000,0.046806,0.000000,-0.000000,1.000000;;
            }
           }
          }
         }
        }

        Frame shuolder_l {
         

         FrameTransformMatrix {
          -0.467408,0.844940,0.260013,0.000000,-0.151620,0.213142,-0.965185,0.000000,-0.870943,-0.490558,0.028486,0.000000,0.052406,-0.111545,0.026051,1.000000;;
         }
        }
       }
      }

      Frame Bip001_R_Clavicle_ {
       

       FrameTransformMatrix {
        -0.320083,-0.927553,0.192854,0.000000,-0.906827,0.358890,0.221048,0.000000,-0.274247,-0.104132,-0.956005,0.000000,-0.091693,-0.155256,-0.060819,1.000000;;
       }

       Frame Bip001_R_UpperArm_ {
        

        FrameTransformMatrix {
         0.658179,0.686871,0.308234,0.000000,-0.494975,0.703288,-0.510279,0.000000,-0.567274,0.183287,0.802874,0.000000,0.136759,0.000000,-0.000000,1.000000;;
        }

        Frame Bip001_R_Forearm_ {
         

         FrameTransformMatrix {
          0.768878,0.000000,-0.639396,0.000000,-0.000000,1.000000,-0.000000,0.000000,0.639395,0.000000,0.768878,0.000000,0.530078,0.000000,-0.000000,1.000000;;
         }

         Frame Bip001_R_Hand_ {
          

          FrameTransformMatrix {
           0.927716,0.371881,0.032365,0.000000,0.114157,-0.200093,-0.973104,0.000000,-0.355403,0.906459,-0.228083,0.000000,0.541670,0.000000,0.000000,1.000000;;
          }

          Frame Bip001_R_Finger0_ {
           

           FrameTransformMatrix {
            0.660486,-0.190427,0.726289,0.000000,-0.695562,0.209095,0.687366,0.000000,-0.282756,-0.959175,0.005650,0.000000,0.056493,0.104686,0.058404,1.000000;;
           }

           Frame Bip001_R_Finger01_ {
            

            FrameTransformMatrix {
             0.834512,-0.000000,0.550991,0.000000,0.000000,1.000000,-0.000000,0.000000,-0.550991,0.000000,0.834512,0.000000,0.046106,0.000000,0.000000,1.000000;;
            }
           }
          }

          Frame Bip001_R_Finger1_ {
           

           FrameTransformMatrix {
            0.293502,0.066499,0.953643,0.000000,-0.086134,0.995360,-0.042898,0.000000,-0.952070,-0.069550,0.297868,0.000000,0.185428,0.073637,-0.007124,1.000000;;
           }

           Frame Bip001_R_Finger11_ {
            

            FrameTransformMatrix {
             0.365398,0.000000,0.930852,0.000000,0.000000,1.000000,0.000000,0.000000,-0.930851,0.000000,0.365398,0.000000,0.058239,-0.000000,-0.000000,1.000000;;
            }
           }
          }

          Frame Bip001_R_Finger2_ {
           

           FrameTransformMatrix {
            0.304854,-0.037025,0.951679,0.000000,0.074199,0.997130,0.015025,0.000000,-0.949504,0.066033,0.306726,0.000000,0.187981,0.017065,-0.016823,1.000000;;
           }

           Frame Bip001_R_Finger21_ {
            

            FrameTransformMatrix {
             0.165662,0.000000,0.986183,0.000000,0.000000,1.000000,0.000000,0.000000,-0.986183,0.000000,0.165662,0.000000,0.073289,0.000000,0.000000,1.000000;;
            }
           }
          }

          Frame Bip001_R_Finger3_ {
           

           FrameTransformMatrix {
            0.243499,0.024874,0.969582,0.000000,0.259486,0.961560,-0.089835,0.000000,-0.934545,0.273468,0.227685,0.000000,0.189765,-0.033555,-0.012718,1.000000;;
           }

           Frame Bip001_R_Finger31_ {
            

            FrameTransformMatrix {
             0.217499,0.000000,0.976061,0.000000,-0.000000,1.000000,0.000000,0.000000,-0.976061,-0.000000,0.217499,0.000000,0.075397,0.000000,0.000000,1.000000;;
            }
           }
          }

          Frame Bip001_R_Finger4_ {
           

           FrameTransformMatrix {
            0.323914,0.003917,0.946078,0.000000,0.291890,0.950795,-0.103873,0.000000,-0.899933,0.309796,0.306832,0.000000,0.174077,-0.078577,-0.009735,1.000000;;
           }

           Frame Bip001_R_Finger41_ {
            

            FrameTransformMatrix {
             0.309776,-0.000000,0.950810,0.000000,0.000000,1.000000,0.000000,0.000000,-0.950810,0.000000,0.309776,0.000000,0.046806,-0.000000,0.000000,1.000000;;
            }
           }
          }
         }
        }

        Frame shuolder_r {
         

         FrameTransformMatrix {
          -0.476623,-0.704911,-0.525291,0.000000,0.442478,0.323961,-0.836220,0.000000,0.759634,-0.630991,0.157500,0.000000,0.052126,0.111890,0.025994,1.000000;;
         }
        }
       }
      }
     }

     Frame cape_r_01 {
      

      FrameTransformMatrix {
       -0.960540,-0.086734,-0.264270,0.000000,-0.035409,0.980538,-0.193112,0.000000,0.275877,-0.176134,-0.944918,0.000000,0.578336,-0.289499,-0.316410,1.000000;;
      }

      Frame cape_r_02 {
       

       FrameTransformMatrix {
        0.988832,-0.053858,-0.138959,0.000000,0.053977,0.998538,-0.002912,0.000000,0.138913,-0.004621,0.990294,0.000000,0.501502,-0.000000,-0.000001,1.000000;;
       }

       Frame cape_r_03 {
        

        FrameTransformMatrix {
         0.999920,-0.000080,0.012659,0.000000,0.000080,1.000000,0.000001,0.000000,-0.012659,-0.000000,0.999920,0.000000,0.646156,-0.000002,-0.000001,1.000000;;
        }

        Frame cape_r_04 {
         

         FrameTransformMatrix {
          0.999634,0.000222,-0.027063,0.000000,-0.000222,0.999999,0.000006,0.000000,0.027063,0.000000,0.999634,0.000000,0.597943,-0.000004,-0.000002,1.000000;;
         }
        }
       }
      }
     }

     Frame cape_c_01 {
      

      FrameTransformMatrix {
       -0.964237,0.013115,-0.264719,0.000000,0.011195,0.999899,0.008759,0.000000,0.264807,0.005482,-0.964286,0.000000,0.556132,-0.005714,-0.354713,1.000000;;
      }

      Frame cape_c_02 {
       

       FrameTransformMatrix {
        0.990226,-0.010275,-0.139094,0.000000,0.010886,0.999934,0.003636,0.000000,0.139048,-0.005115,0.990271,0.000000,0.501497,-0.000000,0.000000,1.000000;;
       }

       Frame cape_c_03 {
        

        FrameTransformMatrix {
         0.999555,0.000000,0.029795,0.000000,-0.000000,1.000000,-0.000000,0.000000,-0.029795,0.000000,0.999556,0.000000,0.646155,-0.000003,0.000000,1.000000;;
        }

        Frame cape_c_04 {
         

         FrameTransformMatrix {
          0.999681,0.000003,-0.025272,0.000000,-0.000003,1.000000,0.000000,0.000000,0.025272,0.000000,0.999682,0.000000,0.597948,-0.000002,-0.000002,1.000000;;
         }
        }
       }
      }
     }

     Frame cape_l_01 {
      

      FrameTransformMatrix {
       -0.955658,0.163248,-0.245089,0.000000,0.126814,0.979293,0.157810,0.000000,0.265776,0.119731,-0.956571,0.000000,0.578339,0.289000,-0.316410,1.000000;;
      }

      Frame cape_l_02 {
       

       FrameTransformMatrix {
        0.988833,-0.053857,-0.138959,0.000000,0.054092,0.998533,-0.002088,0.000000,0.138868,-0.005452,0.990296,0.000000,0.501504,0.000000,-0.000000,1.000000;;
       }

       Frame cape_l_03 {
        

        FrameTransformMatrix {
         0.999920,-0.000045,0.012658,0.000000,0.000045,1.000001,0.000000,0.000000,-0.012658,0.000000,0.999920,0.000000,0.646150,-0.000002,-0.000002,1.000000;;
        }

        Frame cape_l_04 {
         

         FrameTransformMatrix {
          0.999685,-0.000655,-0.025079,0.000000,0.000663,1.000000,0.000330,0.000000,0.025079,-0.000346,0.999685,0.000000,0.597951,-0.000003,-0.000001,1.000000;;
         }
        }
       }
      }
     }
    }

    Frame Bip001_L_Thigh_ {
     

     FrameTransformMatrix {
      -0.935100,0.354291,-0.008074,0.000000,-0.351757,-0.925162,0.142627,0.000000,0.043062,0.136211,0.989743,0.000000,-0.156769,0.204682,-0.016286,1.000000;;
     }

     Frame Bip001_L_Calf_ {
      

      FrameTransformMatrix {
       0.950055,0.000000,-0.312083,0.000000,-0.000000,1.000000,-0.000000,0.000000,0.312083,0.000000,0.950055,0.000000,0.664399,0.000000,-0.000000,1.000000;;
      }

      Frame Bip001_L_Foot_ {
       

       FrameTransformMatrix {
        0.931124,0.336877,0.139718,0.000000,-0.304159,0.928692,-0.212177,0.000000,-0.201233,0.155067,0.967192,0.000000,0.645890,0.000000,0.000000,1.000000;;
       }

       Frame Bip001_L_Toe0_ {
        

        FrameTransformMatrix {
         -0.000001,-0.000000,1.000000,0.000000,0.000001,1.000000,0.000000,0.000000,-1.000000,0.000001,-0.000001,0.000000,0.235426,0.000000,0.277189,1.000000;;
        }
       }
      }
     }
    }

    Frame Bip001_R_Thigh_ {
     

     FrameTransformMatrix {
      -0.950730,-0.169758,-0.259412,0.000000,0.217525,-0.961484,-0.168024,0.000000,-0.220897,-0.216174,0.951038,0.000000,-0.154163,-0.206651,-0.016287,1.000000;;
     }

     Frame Bip001_R_Calf_ {
      

      FrameTransformMatrix {
       0.949634,-0.000000,-0.313361,0.000000,0.000000,1.000000,-0.000000,0.000000,0.313361,0.000000,0.949634,0.000000,0.664399,0.000000,-0.000000,1.000000;;
      }

      Frame Bip001_R_Foot_ {
       

       FrameTransformMatrix {
        0.891744,-0.188661,0.411338,0.000000,0.276835,0.946460,-0.166058,0.000000,-0.357986,0.261954,0.896229,0.000000,0.645890,-0.000000,0.000000,1.000000;;
       }

       Frame Bip001_R_Toe0_ {
        

        FrameTransformMatrix {
         -0.000001,0.000000,1.000000,0.000000,0.000000,1.000000,-0.000000,0.000000,-1.000000,0.000000,-0.000001,0.000000,0.235426,0.000000,0.277189,1.000000;;
        }
       }
      }
     }
    }
   }

   Frame skirt_fc_01 {
    

    FrameTransformMatrix {
     -1.000000,-0.000001,-0.000003,0.000000,0.000001,-1.000000,0.000038,0.000000,-0.000003,0.000038,1.000000,0.000000,-0.163718,-0.003872,0.270447,1.000000;;
    }

    Frame skirt_fc_02 {
     

     FrameTransformMatrix {
      1.000000,-0.000269,0.000000,0.000000,0.000269,1.000000,-0.000345,0.000000,0.000000,0.000345,1.000000,0.000000,0.212000,-0.000000,0.000000,1.000000;;
     }

     Frame skirt_fc_03 {
      

      FrameTransformMatrix {
       1.000000,0.000390,0.000356,0.000000,-0.000390,1.000000,-0.000000,0.000000,-0.000356,0.000000,1.000000,0.000000,0.217039,-0.000000,0.000000,1.000000;;
      }

      Frame skirt_fc_04 {
       

       FrameTransformMatrix {
        0.999615,0.000000,0.027767,0.000000,0.000000,1.000000,-0.000000,0.000000,-0.027767,-0.000000,0.999615,0.000000,0.204424,0.000000,-0.000000,1.000000;;
       }
      }
     }
    }
   }

   Frame skirt_r_01 {
    

    FrameTransformMatrix {
     -0.936759,-0.346873,0.046494,0.000000,-0.136468,0.484371,0.864154,0.000000,-0.322272,0.803158,-0.501075,0.000000,-0.078507,-0.364829,0.113899,1.000000;;
    }

    Frame skirt_r_02 {
     

     FrameTransformMatrix {
      0.992730,0.001768,0.120352,0.000000,0.000163,-0.999912,0.013349,0.000000,0.120365,-0.013232,-0.992641,0.000000,0.223794,0.000000,-0.000003,1.000000;;
     }

     Frame skirt_r_03 {
      

      FrameTransformMatrix {
       0.999951,0.008111,0.005572,0.000000,-0.008376,0.998744,0.049399,0.000000,-0.005164,-0.049443,0.998763,0.000000,0.340886,-0.000001,-0.000003,1.000000;;
      }

      Frame skirt_r_04 {
       

       FrameTransformMatrix {
        0.999826,0.009231,0.016136,0.000000,-0.009586,0.999710,0.022096,0.000000,-0.015927,-0.022247,0.999626,0.000000,0.322146,0.000000,0.000000,1.000000;;
       }
      }
     }
    }
   }

   Frame skirt_cr_01 {
    

    FrameTransformMatrix {
     -0.924933,-0.274875,-0.262570,0.000000,-0.146087,-0.380655,0.913105,0.000000,-0.350938,0.882918,0.311924,0.000000,-0.019136,-0.368882,-0.155478,1.000000;;
    }

    Frame skirt_cr_02 {
     

     FrameTransformMatrix {
      0.995903,0.000036,0.090436,0.000000,-0.001161,-0.999913,0.013180,0.000000,0.090428,-0.013231,-0.995816,0.000000,0.223800,0.000000,0.000000,1.000000;;
     }

     Frame skirt_cr_03 {
      

      FrameTransformMatrix {
       0.998569,0.011119,-0.052304,0.000000,-0.008533,0.998742,0.049408,0.000000,0.052788,-0.048891,0.997407,0.000000,0.340882,-0.000000,-0.000003,1.000000;;
      }

      Frame skirt_cr_04 {
       

       FrameTransformMatrix {
        0.995600,0.011732,-0.092956,0.000000,-0.009639,0.999690,0.022934,0.000000,0.093196,-0.021937,0.995406,0.000000,0.322146,-0.000000,-0.000000,1.000000;;
       }
      }
     }
    }
   }

   Frame skirt_l_01 {
    

    FrameTransformMatrix {
     0.933581,-0.355440,-0.045671,0.000000,-0.138967,-0.476548,0.868096,0.000000,-0.330321,-0.804092,-0.494291,0.000000,-0.078508,0.365004,0.113872,1.000000;;
    }

    Frame skirt_l_02 {
     

     FrameTransformMatrix {
      0.993341,0.001503,-0.115208,0.000000,0.003017,-0.999911,0.012971,0.000000,-0.115179,-0.013232,-0.993257,0.000000,-0.223796,-0.000001,-0.000003,1.000000;;
     }

     Frame skirt_l_03 {
      

      FrameTransformMatrix {
       0.999814,0.007490,0.017793,0.000000,-0.008353,0.998768,0.048911,0.000000,-0.017405,-0.049051,0.998645,0.000000,-0.340884,0.000000,0.000000,1.000000;;
      }

      Frame skirt_l_04 {
       

       FrameTransformMatrix {
        0.999733,0.010091,0.020790,0.000000,-0.010557,0.999692,0.022423,0.000000,-0.020557,-0.022636,0.999533,0.000000,-0.322147,0.000000,-0.000000,1.000000;;
       }
      }
     }
    }
   }

   Frame skirt_cl_01 {
    

    FrameTransformMatrix {
     0.913762,-0.306669,0.266445,0.000000,-0.135377,0.388520,0.911441,0.000000,-0.383030,-0.868910,0.313499,0.000000,-0.018667,0.369750,-0.155666,1.000000;;
    }

    Frame skirt_cl_02 {
     

     FrameTransformMatrix {
      0.993344,0.001767,-0.115169,0.000000,0.003279,-0.999911,0.012940,0.000000,-0.115136,-0.013231,-0.993261,0.000000,-0.223810,0.000000,0.000003,1.000000;;
     }

     Frame skirt_cl_03 {
      

      FrameTransformMatrix {
       0.999802,0.007660,0.018392,0.000000,-0.008554,0.998760,0.049050,0.000000,-0.017994,-0.049198,0.998626,0.000000,-0.340877,0.000001,0.000003,1.000000;;
      }

      Frame skirt_cl_04 {
       

       FrameTransformMatrix {
        0.999791,0.008893,0.018365,0.000000,-0.009304,0.999704,0.022447,0.000000,-0.018160,-0.022613,0.999579,0.000000,-0.322147,0.000000,0.000000,1.000000;;
       }
      }
     }
    }
   }
  }

  Frame Bip001_Prop1_ {
   

   FrameTransformMatrix {
    -0.152391,0.015037,-0.988206,0.000000,0.776698,0.620134,-0.110338,0.000000,0.611160,-0.784352,-0.106182,0.000000,0.116783,-0.064503,-0.716110,1.000000;;
   }

   Frame weapon_sub {
    

    FrameTransformMatrix {
     1.000000,0.000078,-0.000000,0.000000,0.000000,-0.000000,1.000000,0.000000,0.000078,-1.000000,-0.000000,0.000000,0.000194,0.193092,-0.000372,1.000000;;
    }
   }
  }

  Frame Bip001_Prop2_ {
   

   FrameTransformMatrix {
    -0.122914,-0.965487,-0.229625,0.000000,-0.824631,-0.029372,0.564907,0.000000,-0.552155,0.258791,-0.792561,0.000000,-0.405389,0.190920,0.860479,1.000000;;
   }
  }
 }
}

Frame omniknight {
 

 FrameTransformMatrix {
  39.370080,0.000000,0.000000,0.000000,0.000000,39.370080,0.000000,0.000000,0.000000,0.000000,39.370080,0.000000,0.000679,-0.000000,-0.000000,1.000000;;
 }

 Mesh omniknight {
  4772;
  0.819086;1.824086;-0.053822;,
  0.792188;2.012906;0.053684;,
  0.755191;1.957161;0.089768;,
  0.853871;1.872123;-0.082663;,
  0.746292;2.149771;0.065040;,
  0.790566;2.054235;-0.009310;,
  0.763424;2.080784;0.113012;,
  0.736937;2.133326;0.139048;,
  0.704581;2.217372;0.087275;,
  0.698634;2.175372;0.145408;,
  0.635861;2.244115;0.156751;,
  0.638179;2.259881;0.104636;,
  0.654402;2.129701;0.182231;,
  0.596923;2.203950;0.184607;,
  0.620818;2.207036;0.224440;,
  0.416320;2.226844;0.161481;,
  0.509837;2.113702;0.169470;,
  0.472663;2.353735;0.222366;,
  0.690081;2.070568;0.185471;,
  0.515714;2.142948;0.120048;,
  0.367909;2.315702;0.248863;,
  0.369099;2.419181;0.257289;,
  0.410252;2.212222;0.082526;,
  0.348046;2.227016;0.181587;,
  0.362229;2.237609;0.052940;,
  0.492835;2.123234;0.064817;,
  0.563401;2.078724;0.112391;,
  0.718558;2.023265;0.151159;,
  0.577884;2.027717;0.106508;,
  0.621429;1.997498;0.083697;,
  0.674170;1.931759;0.044171;,
  0.755189;1.822752;-0.076389;,
  0.639897;2.130693;-0.048452;,
  0.764518;2.074979;-0.066985;,
  0.692086;2.049430;-0.094434;,
  0.719586;2.164946;-0.015535;,
  0.636620;1.996263;-0.077054;,
  0.570511;2.071535;-0.047071;,
  0.851659;1.918230;-0.130457;,
  0.816716;1.928389;-0.166954;,
  0.773310;1.925816;-0.195770;,
  0.730513;1.882049;-0.180837;,
  0.728787;1.844573;-0.141949;,
  0.631276;1.947204;-0.026896;,
  0.586270;2.015437;0.002815;,
  0.755189;1.822752;-0.076389;,
  0.674170;1.931759;0.044171;,
  0.621429;1.997498;0.083697;,
  0.548194;2.039455;0.017195;,
  0.577884;2.027717;0.106508;,
  0.556653;2.118398;-0.027095;,
  0.540180;2.086238;0.029965;,
  0.611628;2.184580;-0.034055;,
  0.664957;2.218215;0.003444;,
  0.614591;2.251856;0.045248;,
  0.671777;2.287823;0.097454;,
  0.637501;2.272152;0.021837;,
  0.654428;2.259287;0.178023;,
  0.503861;2.431150;0.174421;,
  0.524884;2.469870;0.099097;,
  0.563401;2.078724;0.112391;,
  0.515714;2.142948;0.120048;,
  0.579799;2.223084;0.006386;,
  0.533321;2.179684;0.015989;,
  0.522733;2.158368;0.076335;,
  0.522733;2.158368;0.076335;,
  0.492835;2.123234;0.064817;,
  0.430401;2.259570;0.013471;,
  0.525948;2.174916;-0.010469;,
  0.410252;2.212222;0.082526;,
  0.362229;2.237609;0.052940;,
  0.357525;2.313774;-0.036443;,
  0.472461;2.380811;-0.030745;,
  0.388206;2.463959;-0.063482;,
  0.508230;2.445445;0.023448;,
  0.409565;2.578284;-0.003807;,
  0.584067;2.233284;-0.029370;,
  0.400989;2.568785;0.174137;,
  0.416858;2.617419;0.085433;,
  0.314584;2.610202;0.090026;,
  0.320926;2.552101;0.215141;,
  0.323526;2.421508;0.275573;,
  0.329356;2.579804;-0.028247;,
  0.335913;2.499986;-0.088647;,
  0.090768;2.608466;0.226992;,
  0.000000;2.378410;0.348758;,
  0.115016;2.393149;0.345793;,
  0.000000;2.596994;0.243188;,
  0.221486;2.425921;0.310799;,
  0.188014;2.611299;0.195751;,
  0.320926;2.552101;0.215141;,
  0.323526;2.421508;0.275573;,
  0.314584;2.610202;0.090026;,
  0.211451;1.798274;0.163488;,
  0.262694;1.867844;0.085908;,
  0.197062;1.885938;0.160584;,
  0.272788;1.785734;0.094209;,
  0.101210;1.802233;0.200225;,
  0.093713;1.893411;0.192408;,
  0.081459;1.949242;0.215240;,
  0.000000;1.897604;0.207426;,
  0.000000;1.944758;0.215176;,
  0.000000;2.078333;0.270810;,
  0.102370;2.096670;0.273906;,
  0.000000;2.246864;0.334000;,
  0.114075;2.255226;0.338979;,
  0.237227;2.297340;0.315635;,
  0.326220;2.307034;0.258728;,
  0.261771;2.153905;0.256576;,
  0.209140;1.951883;0.179312;,
  0.268874;1.957133;0.089897;,
  0.308826;2.100001;0.128075;,
  0.273176;1.955964;-0.071184;,
  0.302203;2.160008;-0.101716;,
  0.320313;2.109830;-0.006162;,
  0.362229;2.237609;0.052940;,
  0.330483;2.283092;-0.065722;,
  0.357525;2.313774;-0.036443;,
  0.344729;2.214879;0.036938;,
  0.326540;2.202287;0.181371;,
  0.348046;2.227016;0.181587;,
  0.308826;2.100001;0.128075;,
  0.268874;1.957133;0.089897;,
  0.282546;1.845723;-0.010508;,
  0.262694;1.867844;0.085908;,
  0.258956;1.830160;-0.113351;,
  0.280568;1.747127;-0.107069;,
  0.206358;1.731132;-0.188503;,
  0.187576;1.817791;-0.186601;,
  0.218102;1.909833;-0.161611;,
  0.230082;1.997798;-0.166451;,
  0.262994;2.262039;-0.156169;,
  0.121166;2.038142;-0.220460;,
  0.147019;2.400037;-0.242311;,
  0.272788;1.785734;0.094209;,
  0.299076;1.770200;0.002000;,
  0.000000;2.355273;-0.314125;,
  0.000000;2.067718;-0.265395;,
  0.000000;2.466317;-0.225645;,
  0.128671;2.498163;-0.175268;,
  0.082360;2.633656;-0.074349;,
  0.000000;2.676259;-0.104144;,
  0.064664;2.704826;-0.074480;,
  0.000051;2.626605;-0.101787;,
  0.000000;2.692187;0.043883;,
  0.110650;2.726123;-0.046840;,
  0.134001;2.657133;-0.040184;,
  0.225155;2.533090;-0.109011;,
  0.267110;2.453549;-0.154894;,
  0.000000;2.721667;0.151155;,
  0.090768;2.608466;0.226992;,
  0.057147;2.722444;0.149006;,
  0.000000;2.596994;0.243188;,
  0.129070;2.703717;0.084818;,
  0.188014;2.611299;0.195751;,
  0.113290;2.777210;0.058419;,
  0.051557;2.796215;0.120802;,
  0.314584;2.610202;0.090026;,
  0.329356;2.579804;-0.028247;,
  0.335913;2.499986;-0.088647;,
  0.325607;2.400568;-0.103707;,
  0.388206;2.463959;-0.063482;,
  0.000000;2.796748;0.130625;,
  0.121161;1.929003;-0.227510;,
  0.091795;1.795771;-0.223366;,
  0.000000;1.821852;-0.248585;,
  0.000000;1.931040;-0.257076;,
  0.111262;1.706076;-0.233078;,
  0.000000;1.779707;-0.260965;,
  0.369099;2.419181;0.257289;,
  0.367909;2.315702;0.248863;,
  0.326540;2.202287;0.181371;,
  0.348046;2.227016;0.181587;,
  0.675625;0.850468;0.589409;,
  0.714312;0.939546;0.635649;,
  0.660015;1.174592;0.598385;,
  0.712086;0.801299;0.624140;,
  0.727424;0.877469;0.642802;,
  0.596857;1.089316;0.524037;,
  0.640993;0.839530;0.549106;,
  0.699302;0.679337;0.605630;,
  0.677608;0.650774;0.576778;,
  0.690934;0.595608;0.599604;,
  0.536502;0.616412;0.574768;,
  0.590612;0.513413;0.611051;,
  0.547256;0.548807;0.590004;,
  0.429767;0.597301;0.621079;,
  0.456803;0.484649;0.617886;,
  0.413251;0.444629;0.659872;,
  0.379519;0.480405;0.680580;,
  0.346807;0.489557;0.693096;,
  0.229471;0.571428;0.715673;,
  0.291646;0.490843;0.716101;,
  0.270131;0.478388;0.721437;,
  0.181057;0.397626;0.744679;,
  0.249342;0.404110;0.731827;,
  0.000000;0.574285;0.739518;,
  0.000000;0.403206;0.747002;,
  0.209517;0.798599;0.703041;,
  0.000000;0.574285;0.739518;,
  0.502607;0.814175;0.557313;,
  0.461197;1.080073;0.527371;,
  0.533900;1.393937;0.473163;,
  0.407615;1.414376;0.482626;,
  0.489317;1.700440;0.442764;,
  0.380489;1.715768;0.461773;,
  0.147823;1.718706;0.534184;,
  0.315565;2.049543;0.432674;,
  0.158990;2.061725;0.490082;,
  0.194746;2.339453;0.425505;,
  0.164970;1.401860;0.578733;,
  0.188594;1.088116;0.650381;,
  0.000000;0.790744;0.725644;,
  0.000000;1.092075;0.668973;,
  0.000000;2.017506;0.476935;,
  0.000000;1.708598;0.536623;,
  0.000000;2.301721;0.433354;,
  0.067229;2.653211;0.226919;,
  0.132225;2.635490;0.185459;,
  0.062804;2.622336;0.221403;,
  0.140520;2.666628;0.188570;,
  0.088919;2.641681;0.274297;,
  0.179914;2.664691;0.206869;,
  0.122405;2.535845;0.334675;,
  0.335331;2.552496;0.309667;,
  0.322190;2.355174;0.388639;,
  0.511319;2.089635;0.415969;,
  0.561362;1.745803;0.476313;,
  0.600859;1.460659;0.535575;,
  0.000000;2.301721;0.433354;,
  0.000000;2.528924;0.344350;,
  0.170169;2.656588;0.126397;,
  0.177478;2.688152;0.128101;,
  0.176697;2.670191;0.006164;,
  0.195201;2.712255;0.001143;,
  0.321141;2.687980;0.118205;,
  0.212069;2.706929;0.000589;,
  0.204521;2.686087;0.131328;,
  0.304952;2.661913;0.204054;,
  0.454426;2.617129;0.183180;,
  0.471333;2.517850;0.285517;,
  0.477455;2.357982;0.373219;,
  0.417499;2.640176;0.104213;,
  0.384807;2.638235;0.030590;,
  0.000000;1.384598;0.594745;,
  0.000000;2.651754;0.237392;,
  0.000000;2.622162;0.233036;,
  0.000000;2.634377;0.306002;,
  0.000000;1.331464;-0.298878;,
  0.000000;1.490390;-0.305557;,
  0.132684;1.487057;-0.285471;,
  0.000000;1.489753;-0.201590;,
  0.121261;1.477394;-0.244114;,
  0.205336;1.588960;-0.228971;,
  0.267206;1.664470;-0.170298;,
  0.129990;1.604466;-0.270407;,
  0.233158;0.634690;0.106523;,
  0.214932;0.790223;0.131149;,
  0.238738;0.780046;0.053423;,
  0.217053;0.853656;0.044386;,
  0.237009;0.859606;0.179926;,
  0.212836;0.908243;0.124394;,
  0.151162;0.990472;0.007100;,
