xof 0303txt 0032
template ColorRGBA {
 <35ff44e0-6c7c-11cf-8f52-0040333594a3>
 FLOAT red;
 FLOAT green;
 FLOAT blue;
 FLOAT alpha;
}

template ColorRGB {
 <d3e16e81-7835-11cf-8f52-0040333594a3>
 FLOAT red;
 FLOAT green;
 FLOAT blue;
}

template Material {
 <3d82ab4d-62da-11cf-ab39-0020af71e433>
 ColorRGBA faceColor;
 FLOAT power;
 ColorRGB specularColor;
 ColorRGB emissiveColor;
 [...]
}

template TextureFilename {
 <a42790e1-7810-11cf-8f52-0040333594a3>
 STRING filename;
}

template Frame {
 <3d82ab46-62da-11cf-ab39-0020af71e433>
 [...]
}

template Matrix4x4 {
 <f6f23f45-7686-11cf-8f52-0040333594a3>
 array FLOAT matrix[16];
}

template FrameTransformMatrix {
 <f6f23f41-7686-11cf-8f52-0040333594a3>
 Matrix4x4 frameMatrix;
}

template Vector {
 <3d82ab5e-62da-11cf-ab39-0020af71e433>
 FLOAT x;
 FLOAT y;
 FLOAT z;
}

template MeshFace {
 <3d82ab5f-62da-11cf-ab39-0020af71e433>
 DWORD nFaceVertexIndices;
 array DWORD faceVertexIndices[nFaceVertexIndices];
}

template Mesh {
 <3d82ab44-62da-11cf-ab39-0020af71e433>
 DWORD nVertices;
 array Vector vertices[nVertices];
 DWORD nFaces;
 array MeshFace faces[nFaces];
 [...]
}

template MeshNormals {
 <f6f23f43-7686-11cf-8f52-0040333594a3>
 DWORD nNormals;
 array Vector normals[nNormals];
 DWORD nFaceNormals;
 array MeshFace faceNormals[nFaceNormals];
}

template MeshMaterialList {
 <f6f23f42-7686-11cf-8f52-0040333594a3>
 DWORD nMaterials;
 DWORD nFaceIndexes;
 array DWORD faceIndexes[nFaceIndexes];
 [Material <3d82ab4d-62da-11cf-ab39-0020af71e433>]
}

template Coords2d {
 <f6f23f44-7686-11cf-8f52-0040333594a3>
 FLOAT u;
 FLOAT v;
}

template MeshTextureCoords {
 <f6f23f40-7686-11cf-8f52-0040333594a3>
 DWORD nTextureCoords;
 array Coords2d textureCoords[nTextureCoords];
}

template XSkinMeshHeader {
 <3cf169ce-ff7c-44ab-93c0-f78f62d172e2>
 WORD nMaxSkinWeightsPerVertex;
 WORD nMaxSkinWeightsPerFace;
 WORD nBones;
}

template SkinWeights {
 <6f0d123b-bad2-4167-a0d0-80224f25fabb>
 STRING transformNodeName;
 DWORD nWeights;
 array DWORD vertexIndices[nWeights];
 array FLOAT weights[nWeights];
 Matrix4x4 matrixOffset;
}

template AnimTicksPerSecond {
 <9e415a43-7ba6-4a73-8743-b73d47e88476>
 DWORD AnimTicksPerSecond;
}

template Animation {
 <3d82ab4f-62da-11cf-ab39-0020af71e433>
 [...]
}

template AnimationSet {
 <3d82ab50-62da-11cf-ab39-0020af71e433>
 [Animation <3d82ab4f-62da-11cf-ab39-0020af71e433>]
}

template FloatKeys {
 <10dd46a9-775b-11cf-8f52-0040333594a3>
 DWORD nValues;
 array FLOAT values[nValues];
}

template TimedFloatKeys {
 <f406b180-7b3b-11cf-8f52-0040333594a3>
 DWORD time;
 FloatKeys tfkeys;
}

template AnimationKey {
 <10dd46a8-775b-11cf-8f52-0040333594a3>
 DWORD keyType;
 DWORD nKeys;
 array TimedFloatKeys keys[nKeys];
}


Material _01_-_Default {
 1.000000;1.000000;1.000000;1.000000;;
 9.999999;
 0.000000;0.000000;0.000000;;
 0.000000;0.000000;0.000000;;

 TextureFilename {
  "arthur_01.png";
 }
}

Frame movement {
 

 FrameTransformMatrix {
  39.370080,0.000000,0.000000,0.000000,0.000000,39.370080,0.000000,0.000000,0.000000,0.000000,39.370080,0.000000,-14.965821,0.000000,2.472168,1.000000;;
 }

 Frame Bip001 {
  

  FrameTransformMatrix {
   -0.000039,0.000003,-1.000000,0.000000,0.000000,1.000000,0.000003,0.000000,1.000000,-0.000000,-0.000039,0.000000,0.000001,1.513644,-0.000000,1.000000;;
  }

  Frame Bip001_Pelvis {
   

   FrameTransformMatrix {
    -0.000000,1.000000,0.000000,0.000000,-0.000001,-0.000000,1.000000,0.000000,1.000000,0.000000,0.000001,0.000000,0.000000,0.000000,0.000000,1.000000;;
   }

   Frame Bip001_Spine {
    

    FrameTransformMatrix {
     1.000000,0.000001,0.000003,0.000000,-0.000001,1.000000,-0.000038,0.000000,-0.000003,0.000038,1.000000,0.000000,0.156343,-0.000000,-0.000010,1.000000;;
    }

    Frame Bip001_Spine1 {
     

     FrameTransformMatrix {
      1.000000,0.000000,0.000000,0.000000,-0.000000,1.000000,-0.000000,0.000000,-0.000000,0.000000,1.000000,0.000000,0.276945,0.000000,-0.000567,1.000000;;
     }

     Frame Bip001_Neck {
      

      FrameTransformMatrix {
       0.963258,0.000048,0.268577,0.000000,-0.000049,1.000000,-0.000003,0.000000,-0.268577,-0.000010,0.963258,0.000000,0.722306,0.000001,-0.044442,1.000000;;
      }

      Frame Bip001_Head {
       

       FrameTransformMatrix {
        0.997545,-0.000053,-0.070022,0.000000,0.000055,1.000000,0.000032,0.000000,0.070022,-0.000036,0.997545,0.000000,0.075872,0.000005,-0.018761,1.000000;;
       }

       Frame hair_fr_01 {
        

        FrameTransformMatrix {
         -0.966940,0.000007,0.255005,0.000000,0.000004,-1.000000,0.000042,0.000000,0.255005,0.000042,0.966940,0.000000,0.159652,-0.119907,0.108295,1.000000;;
        }

        Frame hair_fr_02 {
         

         FrameTransformMatrix {
          0.916456,-0.000000,0.400135,0.000000,0.000000,1.000000,0.000000,0.000000,-0.400135,0.000000,0.916456,0.000000,0.180367,0.000000,-0.000000,1.000000;;
         }

         Frame hair_fr_03 {
          

          FrameTransformMatrix {
           0.993317,-0.000000,0.115416,0.000000,0.000000,1.000000,0.000000,0.000000,-0.115416,0.000000,0.993317,0.000000,0.180994,0.000000,0.000000,1.000000;;
          }
         }
        }
       }

       Frame hair_r_05 {
        

        FrameTransformMatrix {
         -0.900402,-0.277049,-0.335440,0.000000,-0.271941,-0.243436,0.931014,0.000000,-0.339595,0.929507,0.143849,0.000000,0.177948,-0.125622,-0.061386,1.000000;;
        }

        Frame hair_r_06 {
         

         FrameTransformMatrix {
          0.632911,-0.761713,-0.138628,0.000000,0.547183,0.566755,-0.615938,0.000000,0.547736,0.313979,0.775502,0.000000,0.144524,0.000000,-0.000000,1.000000;;
         }

         Frame hair_r_07 {
          

          FrameTransformMatrix {
           0.856892,-0.509409,-0.078979,0.000000,0.489871,0.852387,-0.182928,0.000000,0.160506,0.118060,0.979949,0.000000,0.176333,-0.000000,0.000000,1.000000;;
          }
         }
        }
       }

       Frame hair_r_01 {
        

        FrameTransformMatrix {
         -0.970101,-0.155264,-0.186539,0.000000,0.204390,-0.108178,-0.972894,0.000000,0.130876,-0.981932,0.136678,0.000000,0.162430,-0.147179,0.020928,1.000000;;
        }

        Frame hair_r_02 {
         

         FrameTransformMatrix {
          0.727292,0.668575,0.155097,0.000000,-0.668279,0.741331,-0.061906,0.000000,-0.156367,-0.058624,0.985959,0.000000,0.135738,-0.000000,0.000000,1.000000;;
         }

         Frame hair_r_03 {
          

          FrameTransformMatrix {
           0.923037,0.343105,0.174015,0.000000,-0.272353,0.902252,-0.334311,0.000000,-0.271709,0.261188,0.926259,0.000000,0.129615,-0.000002,-0.000000,1.000000;;
          }

          Frame hair_r_04 {
           

           FrameTransformMatrix {
            0.567145,-0.450001,-0.689817,0.000000,-0.540093,-0.835522,0.101005,0.000000,-0.621809,0.315281,-0.716904,0.000000,0.158446,0.000000,0.000001,1.000000;;
           }
          }
         }
        }
       }

       Frame hair_bc_01 {
        

        FrameTransformMatrix {
         -0.742636,-0.000031,-0.669696,0.000000,0.000003,-1.000000,0.000042,0.000000,-0.669696,0.000029,0.742636,0.000000,0.144507,-0.000016,-0.158677,1.000000;;
        }

        Frame hair_bc_02 {
         

         FrameTransformMatrix {
          0.980992,-0.000000,0.194049,0.000000,0.000000,1.000000,-0.000000,0.000000,-0.194049,0.000000,0.980992,0.000000,0.149821,0.000000,0.000001,1.000000;;
         }

         Frame hair_bc_03 {
          

          FrameTransformMatrix {
           0.916350,-0.000000,0.400378,0.000000,0.000000,1.000000,-0.000000,0.000000,-0.400378,0.000000,0.916350,0.000000,0.215520,0.000000,-0.000000,1.000000;;
          }

          Frame hair_bc_04 {
           

           FrameTransformMatrix {
            0.969504,-0.000000,0.245074,0.000000,-0.000000,1.000000,-0.000000,0.000000,-0.245074,-0.000000,0.969504,0.000000,0.182449,0.000000,0.000000,1.000000;;
           }
          }
         }
        }
       }

       Frame hair_br_01 {
        

        FrameTransformMatrix {
         -0.840508,-0.097375,-0.532977,0.000000,-0.018865,-0.977861,0.208406,0.000000,-0.541471,0.185221,0.820063,0.000000,0.172848,-0.073662,-0.182171,1.000000;;
        }

        Frame hair_br_02 {
         

         FrameTransformMatrix {
          0.988691,-0.000000,-0.149969,0.000000,0.000000,1.000000,0.000000,0.000000,0.149969,-0.000000,0.988691,0.000000,0.132106,0.000000,-0.000000,1.000000;;
         }

         Frame hair_br_03 {
          

          FrameTransformMatrix {
           0.931351,-0.000000,0.364123,0.000000,-0.000000,1.000000,-0.000000,0.000000,-0.364123,0.000000,0.931351,0.000000,0.222769,0.000000,-0.000001,1.000000;;
          }

          Frame hair_br_04 {
           

           FrameTransformMatrix {
            0.963845,0.000000,0.266466,0.000000,-0.000000,1.000000,-0.000000,0.000000,-0.266466,0.000000,0.963845,0.000000,0.150841,-0.000000,0.000000,1.000000;;
           }
          }
         }
        }
       }

       Frame hair_bl_01 {
        

        FrameTransformMatrix {
         -0.837751,0.132833,-0.529648,0.000000,0.008996,-0.966472,-0.256615,0.000000,-0.545977,-0.219744,0.808468,0.000000,0.171818,0.065989,-0.186043,1.000000;;
        }

        Frame hair_bl_02 {
         

         FrameTransformMatrix {
          0.988691,-0.000000,-0.149968,0.000000,0.000000,1.000000,-0.000000,0.000000,0.149968,0.000000,0.988691,0.000000,0.132106,0.000000,-0.000001,1.000000;;
         }

         Frame hair_bl_03 {
          

          FrameTransformMatrix {
           0.931351,0.000000,0.364123,0.000000,-0.000000,1.000000,0.000000,0.000000,-0.364123,-0.000000,0.931351,0.000000,0.222769,0.000000,-0.000002,1.000000;;
          }

          Frame hair_bl_04 {
           

           FrameTransformMatrix {
            0.963845,0.000000,0.266466,0.000000,-0.000000,1.000000,-0.000000,0.000000,-0.266466,0.000000,0.963845,0.000000,0.150841,-0.000000,0.000000,1.000000;;
           }
          }
         }
        }
       }

       Frame hair_fl_01 {
        

        FrameTransformMatrix {
         -0.966940,0.000007,0.255005,0.000000,0.000004,-1.000000,0.000042,0.000000,0.255005,0.000042,0.966940,0.000000,0.159651,0.119996,0.108285,1.000000;;
        }

        Frame hair_fl_02 {
         

         FrameTransformMatrix {
          0.916456,-0.000000,0.400135,0.000000,0.000000,1.000000,0.000000,0.000000,-0.400135,0.000000,0.916456,0.000000,0.180367,0.000000,-0.000000,1.000000;;
         }

         Frame hair_fl_03 {
          

          FrameTransformMatrix {
           0.993317,-0.000000,0.115416,0.000000,0.000000,1.000000,0.000000,0.000000,-0.115416,0.000000,0.993317,0.000000,0.180994,0.000000,0.000000,1.000000;;
          }
         }
        }
       }

       Frame hair_l_01 {
        

        FrameTransformMatrix {
         0.970390,-0.150813,0.188675,0.000000,-0.205534,-0.105247,0.972974,0.000000,-0.126880,-0.982944,-0.133128,0.000000,0.162430,0.146992,0.020916,1.000000;;
        }

        Frame hair_l_02 {
         

         FrameTransformMatrix {
          0.727291,0.668575,0.155097,0.000000,-0.668279,0.741331,-0.061906,0.000000,-0.156367,-0.058624,0.985958,0.000000,-0.135738,-0.000000,0.000000,1.000000;;
         }

         Frame hair_l_03 {
          

          FrameTransformMatrix {
           0.923038,0.343105,0.174015,0.000000,-0.272353,0.902252,-0.334311,0.000000,-0.271709,0.261188,0.926258,0.000000,-0.129615,0.000001,0.000001,1.000000;;
          }

          Frame hair_l_04 {
           

           FrameTransformMatrix {
            0.567145,-0.450001,-0.689817,0.000000,-0.540093,-0.835522,0.101005,0.000000,-0.621809,0.315281,-0.716904,0.000000,-0.158446,-0.000000,-0.000001,1.000000;;
           }
          }
         }
        }
       }

       Frame hair_l_05 {
        

        FrameTransformMatrix {
         0.901479,-0.277468,0.332185,0.000000,0.273871,-0.228631,-0.934196,0.000000,0.335157,0.933134,-0.130116,0.000000,0.177948,0.125989,-0.061397,1.000000;;
        }

        Frame hair_l_06 {
         

         FrameTransformMatrix {
          0.632911,-0.761713,-0.138628,0.000000,0.547184,0.566755,-0.615938,0.000000,0.547736,0.313979,0.775502,0.000000,-0.144524,-0.000000,0.000000,1.000000;;
         }

         Frame hair_l_07 {
          

          FrameTransformMatrix {
           0.856892,-0.509410,-0.078979,0.000000,0.489871,0.852387,-0.182928,0.000000,0.160506,0.118060,0.979949,0.000000,-0.176333,0.000000,0.000000,1.000000;;
          }
         }
        }
       }

       Frame mouse {
        

        FrameTransformMatrix {
         -0.475842,0.000035,0.879531,0.000000,0.000003,-1.000000,0.000042,0.000000,0.879531,0.000023,0.475842,0.000000,0.098531,-0.000006,0.071045,1.000000;;
        }
       }

       Frame eye_r {
        

        FrameTransformMatrix {
         0.405204,0.000040,0.914226,0.000000,0.000003,-1.000000,0.000042,0.000000,0.914226,-0.000014,-0.405204,0.000000,0.202055,-0.062585,0.138127,1.000000;;
        }
       }

       Frame eye_l {
        

        FrameTransformMatrix {
         0.405204,0.000040,0.914226,0.000000,0.000003,-1.000000,0.000042,0.000000,0.914226,-0.000014,-0.405204,0.000000,0.202055,0.062997,0.138122,1.000000;;
        }
       }
      }

      Frame Bip001_L_Clavicle {
       

       FrameTransformMatrix {
        -0.374863,0.921133,0.104842,0.000000,0.887092,0.389248,-0.248102,0.000000,-0.269344,0.000001,-0.963044,0.000000,-0.085084,0.168695,-0.022819,1.000000;;
       }

       Frame Bip001_L_UpperArm {
        

        FrameTransformMatrix {
         0.879662,-0.475599,-0.001467,0.000000,0.467676,0.865561,-0.179120,0.000000,0.086459,0.156879,0.983826,0.000000,0.136759,0.000000,-0.000000,1.000000;;
        }

        Frame Bip001_L_Forearm {
         

         FrameTransformMatrix {
          0.789112,-0.000000,-0.614250,0.000000,0.000000,1.000000,-0.000000,0.000000,0.614250,-0.000000,0.789112,0.000000,0.530078,-0.000000,-0.000000,1.000000;;
         }

         Frame Bip001_L_Hand {
          

          FrameTransformMatrix {
           0.999347,-0.034499,-0.010776,0.000000,-0.001896,-0.347789,0.937571,0.000000,-0.036093,-0.936938,-0.347628,0.000000,0.541670,0.000000,0.000000,1.000000;;
          }

          Frame Bip001_L_Finger0 {
           

           FrameTransformMatrix {
            0.698043,-0.423160,0.577643,0.000000,0.695562,0.209095,-0.687366,0.000000,0.170083,0.881598,0.440291,0.000000,0.056493,-0.104686,0.058404,1.000000;;
           }

           Frame Bip001_L_Finger01 {
            

            FrameTransformMatrix {
             0.998204,-0.000000,-0.059910,0.000000,0.000000,1.000000,0.000000,0.000000,0.059910,0.000000,0.998204,0.000000,0.046106,-0.000000,0.000000,1.000000;;
            }
           }
          }

          Frame Bip001_L_Finger1 {
           

           FrameTransformMatrix {
            0.806041,-0.094929,0.584197,0.000000,0.086133,0.995360,0.042899,0.000000,-0.585559,0.015741,0.810477,0.000000,0.185428,-0.073637,-0.007124,1.000000;;
           }

           Frame Bip001_L_Finger11 {
            

            FrameTransformMatrix {
             0.850827,0.000000,0.525446,0.000000,0.000000,1.000000,0.000000,0.000000,-0.525446,-0.000000,0.850827,0.000000,0.058239,0.000000,0.000000,1.000000;;
            }
           }
          }

          Frame Bip001_L_Finger2 {
           

           FrameTransformMatrix {
            0.813583,0.069239,0.577312,0.000000,-0.074198,0.997130,-0.015025,0.000000,-0.576695,-0.030612,0.816385,0.000000,0.187981,-0.017065,-0.016823,1.000000;;
           }

           Frame Bip001_L_Finger21 {
            

            FrameTransformMatrix {
             0.724236,0.000000,0.689552,0.000000,-0.000000,1.000000,-0.000000,0.000000,-0.689552,0.000000,0.724236,0.000000,0.073289,0.000000,0.000000,1.000000;;
            }
           }
          }

          Frame Bip001_L_Finger3 {
           

           FrameTransformMatrix {
            0.755524,0.144180,0.639058,0.000000,-0.259486,0.961560,0.089835,0.000000,-0.601540,-0.233699,0.763894,0.000000,0.189765,0.033555,-0.012718,1.000000;;
           }

           Frame Bip001_L_Finger31 {
            

            FrameTransformMatrix {
             0.759632,0.000000,0.650353,0.000000,0.000000,1.000000,0.000000,0.000000,-0.650353,0.000000,0.759632,0.000000,0.075398,0.000000,0.000000,1.000000;;
            }
           }
          }

          Frame Bip001_L_Finger4 {
           

           FrameTransformMatrix {
            0.799089,0.182743,0.572767,0.000000,-0.291890,0.950795,0.103873,0.000000,-0.525602,-0.250188,0.813110,0.000000,0.174078,0.078577,-0.009735,1.000000;;
           }

           Frame Bip001_L_Finger41 {
            

            FrameTransformMatrix {
             0.818304,-0.000000,0.574786,0.000000,0.000000,1.000000,0.000000,0.000000,-0.574787,0.000000,0.818304,0.000000,0.046806,-0.000000,0.000000,1.000000;;
            }
           }
          }
         }
        }

        Frame shuolder_l {
         

         FrameTransformMatrix {
          -0.460477,0.873566,0.157618,0.000000,0.002087,0.178628,-0.983914,0.000000,-0.887669,-0.452741,-0.084077,0.000000,0.052407,-0.111545,0.026051,1.000000;;
         }
        }
       }
      }

      Frame Bip001_R_Clavicle {
       

       FrameTransformMatrix {
        -0.374950,-0.921095,0.104866,0.000000,-0.887054,0.389339,0.248092,0.000000,-0.269345,0.000001,-0.963044,0.000000,-0.085100,-0.168689,-0.022815,1.000000;;
       }

       Frame Bip001_R_UpperArm {
        

        FrameTransformMatrix {
         0.879662,0.475598,-0.001414,0.000000,-0.467689,0.865567,0.179055,0.000000,0.086382,-0.156847,0.983838,0.000000,0.136759,-0.000000,0.000000,1.000000;;
        }

        Frame Bip001_R_Forearm {
         

         FrameTransformMatrix {
          0.789112,0.000000,-0.614249,0.000000,-0.000000,1.000000,-0.000000,0.000000,0.614249,0.000000,0.789112,0.000000,0.530078,0.000000,0.000000,1.000000;;
         }

         Frame Bip001_R_Hand {
          

          FrameTransformMatrix {
           0.999347,0.034499,-0.010776,0.000000,0.001897,-0.347789,-0.937571,0.000000,-0.036093,0.936938,-0.347627,0.000000,0.541670,0.000000,-0.000000,1.000000;;
          }

          Frame Bip001_R_Finger0 {
           

           FrameTransformMatrix {
            0.698043,0.423160,0.577643,0.000000,-0.695562,0.209095,0.687366,0.000000,0.170083,-0.881598,0.440291,0.000000,0.056493,0.104686,0.058404,1.000000;;
           }

           Frame Bip001_R_Finger01 {
            

            FrameTransformMatrix {
             0.998204,0.000000,-0.059910,0.000000,0.000000,1.000000,0.000000,0.000000,0.059910,0.000000,0.998204,0.000000,0.046105,-0.000000,-0.000000,1.000000;;
            }
           }
          }

          Frame Bip001_R_Finger1 {
           

           FrameTransformMatrix {
            0.806041,0.094929,0.584197,0.000000,-0.086134,0.995360,-0.042899,0.000000,-0.585559,-0.015741,0.810477,0.000000,0.185428,0.073637,-0.007124,1.000000;;
           }

           Frame Bip001_R_Finger11 {
            

            FrameTransformMatrix {
             0.850827,-0.000000,0.525446,0.000000,0.000000,1.000000,-0.000000,0.000000,-0.525446,0.000000,0.850827,0.000000,0.058239,0.000000,0.000000,1.000000;;
            }
           }
          }

          Frame Bip001_R_Finger2 {
           

           FrameTransformMatrix {
            0.813582,-0.069239,0.577312,0.000000,0.074198,0.997130,0.015025,0.000000,-0.576696,0.030612,0.816385,0.000000,0.187981,0.017065,-0.016822,1.000000;;
           }

           Frame Bip001_R_Finger21 {
            

            FrameTransformMatrix {
             0.724237,0.000000,0.689552,0.000000,0.000000,1.000000,-0.000000,0.000000,-0.689552,-0.000000,0.724237,0.000000,0.073289,-0.000000,0.000000,1.000000;;
            }
           }
          }

          Frame Bip001_R_Finger3 {
           

           FrameTransformMatrix {
            0.755524,-0.144181,0.639058,0.000000,0.259486,0.961560,-0.089835,0.000000,-0.601540,0.233699,0.763894,0.000000,0.189765,-0.033555,-0.012718,1.000000;;
           }

           Frame Bip001_R_Finger31 {
            

            FrameTransformMatrix {
             0.759632,-0.000000,0.650353,0.000000,0.000000,1.000000,0.000000,0.000000,-0.650353,0.000000,0.759632,0.000000,0.075397,0.000000,-0.000000,1.000000;;
            }
           }
          }

          Frame Bip001_R_Finger4 {
           

           FrameTransformMatrix {
            0.799089,-0.182743,0.572767,0.000000,0.291890,0.950795,-0.103873,0.000000,-0.525602,0.250188,0.813110,0.000000,0.174077,-0.078577,-0.009735,1.000000;;
           }

           Frame Bip001_R_Finger41 {
            

            FrameTransformMatrix {
             0.818304,-0.000000,0.574786,0.000000,0.000000,1.000000,-0.000000,0.000000,-0.574786,-0.000000,0.818304,0.000000,0.046806,-0.000000,0.000000,1.000000;;
            }
           }
          }
         }
        }

        Frame shuolder_r {
         

         FrameTransformMatrix {
          -0.464836,-0.871335,0.157172,0.000000,0.002037,-0.178568,-0.983925,0.000000,0.885394,-0.457044,0.084780,0.000000,0.052126,0.111890,0.025994,1.000000;;
         }
        }
       }
      }
     }

     Frame cape_r_01 {
      

      FrameTransformMatrix {
       -0.960540,-0.086733,-0.264271,0.000000,-0.035409,0.980537,-0.193112,0.000000,0.275877,-0.176134,-0.944917,0.000000,0.578337,-0.289499,-0.316410,1.000000;;
      }

      Frame cape_r_02 {
       

       FrameTransformMatrix {
        0.988832,-0.053857,-0.138959,0.000000,0.054045,0.998535,-0.002428,0.000000,0.138887,-0.005109,0.990295,0.000000,0.501500,0.000000,-0.000001,1.000000;;
       }

       Frame cape_r_03 {
        

        FrameTransformMatrix {
         0.999919,0.000003,0.012741,0.000000,-0.000003,1.000000,-0.000000,0.000000,-0.012741,0.000000,0.999919,0.000000,0.646157,-0.000003,-0.000001,1.000000;;
        }

        Frame cape_r_04 {
         

         FrameTransformMatrix {
          0.999671,0.000005,-0.025652,0.000000,-0.000005,1.000000,0.000001,0.000000,0.025652,-0.000001,0.999671,0.000000,0.597946,-0.000003,-0.000002,1.000000;;
         }
        }
       }
      }
     }

     Frame cape_c_01 {
      

      FrameTransformMatrix {
       -0.964236,0.013116,-0.264718,0.000000,0.011196,0.999899,0.008759,0.000000,0.264806,0.005482,-0.964286,0.000000,0.556134,-0.005715,-0.354713,1.000000;;
      }

      Frame cape_c_02 {
       

       FrameTransformMatrix {
        0.990217,-0.010288,-0.139154,0.000000,0.010899,0.999934,0.003635,0.000000,0.139108,-0.005116,0.990265,0.000000,0.501500,-0.000000,-0.000001,1.000000;;
       }

       Frame cape_c_03 {
        

        FrameTransformMatrix {
         0.999543,0.000003,0.030219,0.000000,-0.000003,1.000000,-0.000000,0.000000,-0.030219,0.000000,0.999543,0.000000,0.646157,-0.000003,-0.000001,1.000000;;
        }

        Frame cape_c_04 {
         

         FrameTransformMatrix {
          0.999671,0.000005,-0.025652,0.000000,-0.000005,1.000000,0.000001,0.000000,0.025652,-0.000000,0.999671,0.000000,0.597946,-0.000003,-0.000002,1.000000;;
         }
        }
       }
      }
     }

     Frame cape_l_01 {
      

      FrameTransformMatrix {
       -0.955657,0.163249,-0.245088,0.000000,0.126815,0.979293,0.157810,0.000000,0.265776,0.119732,-0.956571,0.000000,0.578338,0.289000,-0.316410,1.000000;;
      }

      Frame cape_l_02 {
       

       FrameTransformMatrix {
        0.988832,-0.053857,-0.138959,0.000000,0.054045,0.998535,-0.002428,0.000000,0.138887,-0.005109,0.990295,0.000000,0.501500,-0.000000,-0.000001,1.000000;;
       }

       Frame cape_l_03 {
        

        FrameTransformMatrix {
         0.999919,0.000003,0.012741,0.000000,-0.000003,1.000000,-0.000000,0.000000,-0.012741,0.000000,0.999919,0.000000,0.646157,-0.000003,-0.000001,1.000000;;
        }

        Frame cape_l_04 {
         

         FrameTransformMatrix {
          0.999671,0.000005,-0.025652,0.000000,-0.000005,1.000000,0.000001,0.000000,0.025652,-0.000001,0.999671,0.000000,0.597946,-0.000003,-0.000002,1.000000;;
         }
        }
       }
      }
     }
    }

    Frame Bip001_L_Thigh {
     

     FrameTransformMatrix {
      -0.981615,0.159110,-0.105433,0.000000,-0.176529,-0.966861,0.184440,0.000000,-0.072593,0.199661,0.977173,0.000000,-0.156343,0.205671,0.000018,1.000000;;
     }

     Frame Bip001_L_Calf {
      

      FrameTransformMatrix {
       0.991436,-0.000000,-0.130596,0.000000,0.000000,1.000000,0.000000,0.000000,0.130596,0.000000,0.991436,0.000000,0.664399,-0.000000,-0.000000,1.000000;;
      }

      Frame Bip001_L_Foot {
       

       FrameTransformMatrix {
        0.966594,0.172474,0.189602,0.000000,-0.136359,0.972389,-0.189385,0.000000,-0.217031,0.157204,0.963423,0.000000,0.645890,0.000000,-0.000000,1.000000;;
       }

       Frame Bip001_L_Toe0 {
        

        FrameTransformMatrix {
         -0.000000,-0.000000,1.000000,0.000000,0.000000,1.000000,0.000000,0.000000,-1.000000,0.000000,-0.000000,0.000000,0.235426,-0.000000,0.277189,1.000000;;
        }
       }
      }
     }
    }

    Frame Bip001_R_Thigh {
     

     FrameTransformMatrix {
      -0.981615,-0.159102,-0.105445,0.000000,0.176529,-0.966846,-0.184516,0.000000,-0.072592,-0.199738,0.977157,0.000000,-0.156343,-0.205670,0.000002,1.000000;;
     }

     Frame Bip001_R_Calf {
      

      FrameTransformMatrix {
       0.991436,0.000000,-0.130596,0.000000,0.000000,1.000000,0.000000,0.000000,0.130596,-0.000000,0.991436,0.000000,0.664399,0.000000,-0.000000,1.000000;;
      }

      Frame Bip001_R_Foot {
       

       FrameTransformMatrix {
        0.966594,-0.172474,0.189602,0.000000,0.136359,0.972389,0.189385,0.000000,-0.217031,-0.157204,0.963423,0.000000,0.645890,0.000000,0.000000,1.000000;;
       }

       Frame Bip001_R_Toe0 {
        

        FrameTransformMatrix {
         -0.000000,-0.000000,1.000000,0.000000,0.000000,1.000000,-0.000000,0.000000,-1.000000,0.000000,-0.000000,0.000000,0.235426,-0.000000,0.277189,1.000000;;
        }
       }
      }
     }
    }
   }

   Frame skirt_fc_01 {
    

    FrameTransformMatrix {
     -1.000000,-0.000001,-0.000003,0.000000,0.000001,-1.000000,0.000038,0.000000,-0.000003,0.000038,1.000000,0.000000,-0.163719,-0.003872,0.270446,1.000000;;
    }

    Frame skirt_fc_02 {
     

     FrameTransformMatrix {
      1.000000,-0.000000,0.000000,0.000000,0.000000,1.000000,-0.000000,0.000000,-0.000000,0.000000,1.000000,0.000000,0.211995,-0.000000,-0.000000,1.000000;;
     }

     Frame skirt_fc_03 {
      

      FrameTransformMatrix {
       1.000000,-0.000000,0.000000,0.000000,0.000000,1.000000,-0.000000,0.000000,-0.000000,0.000000,1.000000,0.000000,0.217043,0.000000,-0.000000,1.000000;;
      }

      Frame skirt_fc_04 {
       

       FrameTransformMatrix {
        0.999615,-0.000000,0.027767,0.000000,0.000000,1.000000,0.000000,0.000000,-0.027767,0.000000,0.999615,0.000000,0.204424,0.000000,-0.000000,1.000000;;
       }
      }
     }
    }
   }

   Frame skirt_r_01 {
    

    FrameTransformMatrix {
     -0.936759,-0.346873,0.046494,0.000000,-0.136468,0.484370,0.864154,0.000000,-0.322272,0.803159,-0.501075,0.000000,-0.078503,-0.364828,0.113899,1.000000;;
    }

    Frame skirt_r_02 {
     

     FrameTransformMatrix {
      0.992730,0.001767,0.120351,0.000000,0.000162,-0.999911,0.013348,0.000000,0.120364,-0.013231,-0.992642,0.000000,0.223803,-0.000000,-0.000000,1.000000;;
     }

     Frame skirt_r_03 {
      

      FrameTransformMatrix {
       0.999952,0.008081,0.005386,0.000000,-0.008338,0.998744,0.049398,0.000000,-0.004980,-0.049441,0.998764,0.000000,0.340881,-0.000001,-0.000002,1.000000;;
      }

      Frame skirt_r_04 {
       

       FrameTransformMatrix {
        0.999821,0.009251,0.016449,0.000000,-0.009620,0.999702,0.022442,0.000000,-0.016236,-0.022596,0.999613,0.000000,0.322146,0.000000,-0.000000,1.000000;;
       }
      }
     }
    }
   }

   Frame skirt_cr_01 {
    

    FrameTransformMatrix {
     -0.924933,-0.274875,-0.262569,0.000000,-0.146087,-0.380655,0.913105,0.000000,-0.350938,0.882919,0.311924,0.000000,-0.019135,-0.368882,-0.155478,1.000000;;
    }

    Frame skirt_cr_02 {
     

     FrameTransformMatrix {
      0.995927,0.000001,0.090173,0.000000,-0.001192,-0.999913,0.013178,0.000000,0.090165,-0.013231,-0.995839,0.000000,0.223803,0.000000,-0.000000,1.000000;;
     }

     Frame skirt_cr_03 {
      

      FrameTransformMatrix {
       0.998572,0.010923,-0.052300,0.000000,-0.008337,0.998744,0.049399,0.000000,0.052774,-0.048892,0.997409,0.000000,0.340881,-0.000001,-0.000002,1.000000;;
      }

      Frame skirt_cr_04 {
       

       FrameTransformMatrix {
        0.995586,0.011670,-0.093120,0.000000,-0.009620,0.999702,0.022441,0.000000,0.093354,-0.021446,0.995402,0.000000,0.322146,0.000000,0.000000,1.000000;;
       }
      }
     }
    }
   }

   Frame skirt_l_01 {
    

    FrameTransformMatrix {
     0.933583,-0.355441,-0.045671,0.000000,-0.138967,-0.476548,0.868096,0.000000,-0.330321,-0.804092,-0.494291,0.000000,-0.078504,0.365004,0.113872,1.000000;;
    }

    Frame skirt_l_02 {
     

     FrameTransformMatrix {
      0.993345,0.001767,-0.115169,0.000000,0.003279,-0.999911,0.012940,0.000000,-0.115136,-0.013231,-0.993262,0.000000,-0.223803,0.000000,0.000000,1.000000;;
     }

     Frame skirt_l_03 {
      

      FrameTransformMatrix {
       0.999805,0.007443,0.018267,0.000000,-0.008337,0.998744,0.049399,0.000000,-0.017876,-0.049541,0.998612,0.000000,-0.340881,0.000001,0.000002,1.000000;;
      }

      Frame skirt_l_04 {
       

       FrameTransformMatrix {
        0.999764,0.009179,0.019679,0.000000,-0.009620,0.999702,0.022441,0.000000,-0.019468,-0.022625,0.999555,0.000000,-0.322146,-0.000000,-0.000000,1.000000;;
       }
      }
     }
    }
   }

   Frame skirt_cl_01 {
    

    FrameTransformMatrix {
     0.913762,-0.306669,0.266445,0.000000,-0.135377,0.388520,0.911441,0.000000,-0.383031,-0.868911,0.313499,0.000000,-0.018671,0.369750,-0.155666,1.000000;;
    }

    Frame skirt_cl_02 {
     

     FrameTransformMatrix {
      0.993345,0.001767,-0.115169,0.000000,0.003279,-0.999911,0.012940,0.000000,-0.115136,-0.013231,-0.993262,0.000000,-0.223803,0.000000,0.000000,1.000000;;
     }

     Frame skirt_cl_03 {
      

      FrameTransformMatrix {
       0.999805,0.007443,0.018267,0.000000,-0.008338,0.998744,0.049398,0.000000,-0.017876,-0.049541,0.998612,0.000000,-0.340881,0.000001,0.000002,1.000000;;
      }

      Frame skirt_cl_04 {
       

       FrameTransformMatrix {
        0.999764,0.009178,0.019679,0.000000,-0.009620,0.999702,0.022441,0.000000,-0.019468,-0.022625,0.999555,0.000000,-0.322146,0.000000,0.000000,1.000000;;
       }
      }
     }
    }
   }
  }

  Frame Bip001_Prop1 {
   

   FrameTransformMatrix {
    -0.000079,0.000000,1.000000,0.000000,1.000000,-0.000001,0.000079,0.000000,0.000001,1.000000,-0.000000,0.000000,0.041657,0.176851,-0.844882,1.000000;;
   }

   Frame weapon_sub {
    

    FrameTransformMatrix {
     1.000000,0.000078,-0.000000,0.000000,0.000000,-0.000000,1.000000,0.000000,0.000078,-1.000000,-0.000000,0.000000,0.000194,0.193092,-0.000371,1.000000;;
    }
   }
  }

  Frame Bip001_Prop2 {
   

   FrameTransformMatrix {
    -0.000000,-1.000000,-0.000000,0.000000,1.000000,-0.000000,0.000040,0.000000,-0.000040,0.000000,1.000000,0.000000,0.340403,0.021312,0.898286,1.000000;;
   }
  }
 }
}



Frame omniknight {
 

 FrameTransformMatrix {
  39.370080,0.000000,0.000000,0.000000,0.000000,39.370080,0.000000,0.000000,0.000000,0.000000,39.370080,0.000000,0.000679,-0.000000,-0.000000,1.000000;;
 }

 Mesh omniknight {
  4772;
  0.819086;1.824086;-0.053822;,
  0.792188;2.012906;0.053684;,
  0.755191;1.957161;0.089768;,
  0.853871;1.872123;-0.082663;,
  0.746292;2.149771;0.065040;,
  0.790566;2.054235;-0.009310;,
  0.763424;2.080784;0.113012;,
  0.736937;2.133326;0.139048;,
  0.704581;2.217372;0.087275;,
  0.698634;2.175372;0.145408;,
  0.635861;2.244115;0.156751;,
  0.638179;2.259881;0.104636;,
  0.654402;2.129701;0.182231;,
  0.596923;2.203950;0.184607;,
  0.620818;2.207036;0.224440;,
  0.416320;2.226844;0.161481;,
  0.509837;2.113702;0.169470;,
  0.472663;2.353735;0.222366;,
  0.690081;2.070568;0.185471;,
  0.515714;2.142948;0.120048;,
  0.367909;2.315702;0.248863;,
  0.369099;2.419181;0.257289;,
  0.410252;2.212222;0.082526;,
  0.348046;2.227016;0.181587;,
  0.362229;2.237609;0.052940;,
  0.492835;2.123234;0.064817;,
  0.563401;2.078724;0.112391;,
  0.718558;2.023265;0.151159;,
  0.577884;2.027717;0.106508;,
  0.621429;1.997498;0.083697;,
  0.674170;1.931759;0.044171;,
  0.755189;1.822752;-0.076389;,
  0.639897;2.130693;-0.048452;,
  0.764518;2.074979;-0.066985;,
  0.692086;2.049430;-0.094434;,
  0.719586;2.164946;-0.015535;,
  0.636620;1.996263;-0.077054;,
  0.570511;2.071535;-0.047071;,
  0.851659;1.918230;-0.130457;,
  0.816716;1.928389;-0.166954;,
  0.773310;1.925816;-0.195770;,
  0.730513;1.882049;-0.180837;,
  0.728787;1.844573;-0.141949;,
  0.631276;1.947204;-0.026896;,
  0.586270;2.015437;0.002815;,
  0.755189;1.822752;-0.076389;,
  0.674170;1.931759;0.044171;,
  0.621429;1.997498;0.083697;,
  0.548194;2.039455;0.017195;,
  0.577884;2.027717;0.106508;,
  0.556653;2.118398;-0.027095;,
  0.540180;2.086238;0.029965;,
  0.611628;2.184580;-0.034055;,
  0.664957;2.218215;0.003444;,
  0.614591;2.251856;0.045248;,
  0.671777;2.287823;0.097454;,
  0.637501;2.272152;0.021837;,
  0.654428;2.259287;0.178023;,
  0.503861;2.431150;0.174421;,
  0.524884;2.469870;0.099097;,
  0.563401;2.078724;0.112391;,
  0.515714;2.142948;0.120048;,
  0.579799;2.223084;0.006386;,
  0.533321;2.179684;0.015989;,
  0.522733;2.158368;0.076335;,
  0.522733;2.158368;0.076335;,
  0.492835;2.123234;0.064817;,
  0.430401;2.259570;0.013471;,
  0.525948;2.174916;-0.010469;,
  0.410252;2.212222;0.082526;,
  0.362229;2.237609;0.052940;,
  0.357525;2.313774;-0.036443;,
  0.472461;2.380811;-0.030745;,
  0.388206;2.463959;-0.063482;,
  0.508230;2.445445;0.023448;,
  0.409565;2.578284;-0.003807;,
  0.584067;2.233284;-0.029370;,
  0.400989;2.568785;0.174137;,
  0.416858;2.617419;0.085433;,
  0.314584;2.610202;0.090026;,
  0.320926;2.552101;0.215141;,
  0.323526;2.421508;0.275573;,
  0.329356;2.579804;-0.028247;,
  0.335913;2.499986;-0.088647;,
  0.090768;2.608466;0.226992;,
  0.000000;2.378410;0.348758;,
  0.115016;2.393149;0.345793;,
  0.000000;2.596994;0.243188;,
  0.221486;2.425921;0.310799;,
  0.188014;2.611299;0.195751;,
  0.320926;2.552101;0.215141;,
  0.323526;2.421508;0.275573;,
  0.314584;2.610202;0.090026;,
  0.211451;1.798274;0.163488;,
  0.262694;1.867844;0.085908;,
  0.197062;1.885938;0.160584;,
  0.272788;1.785734;0.094209;,
  0.101210;1.802233;0.200225;,
  0.093713;1.893411;0.192408;,
  0.081459;1.949242;0.215240;,
  0.000000;1.897604;0.207426;,
  0.000000;1.944758;0.215176;,
  0.000000;2.078333;0.270810;,
  0.102370;2.096670;0.273906;,
  0.000000;2.246864;0.334000;,
  0.114075;2.255226;0.338979;,
  0.237227;2.297340;0.315635;,
  0.326220;2.307034;0.258728;,
  0.261771;2.153905;0.256576;,
  0.209140;1.951883;0.179312;,
  0.268874;1.957133;0.089897;,
  0.308826;2.100001;0.128075;,
  0.273176;1.955964;-0.071184;,
  0.302203;2.160008;-0.101716;,
  0.320313;2.109830;-0.006162;,
  0.362229;2.237609;0.052940;,
  0.330483;2.283092;-0.065722;,
  0.357525;2.313774;-0.036443;,
  0.344729;2.214879;0.036938;,
  0.326540;2.202287;0.181371;,
  0.348046;2.227016;0.181587;,
  0.308826;2.100001;0.128075;,
  0.268874;1.957133;0.089897;,
  0.282546;1.845723;-0.010508;,
  0.262694;1.867844;0.085908;,
  0.258956;1.830160;-0.113351;,
  0.280568;1.747127;-0.107069;,
  0.206358;1.731132;-0.188503;,
  0.187576;1.817791;-0.186601;,
  0.218102;1.909833;-0.161611;,
  0.230082;1.997798;-0.166451;,
  0.262994;2.262039;-0.156169;,
  0.121166;2.038142;-0.220460;,
  0.147019;2.400037;-0.242311;,
  0.272788;1.785734;0.094209;,
  0.299076;1.770200;0.002000;,
  0.000000;2.355273;-0.314125;,
  0.000000;2.067718;-0.265395;,
  0.000000;2.466317;-0.225645;,
  0.128671;2.498163;-0.175268;,
  0.082360;2.633656;-0.074349;,
  0.000000;2.676259;-0.104144;,
  0.064664;2.704826;-0.074480;,
  0.000051;2.626605;-0.101787;,
  0.000000;2.692187;0.043883;,
  0.110650;2.726123;-0.046840;,
  0.134001;2.657133;-0.040184;,
  0.225155;2.533090;-0.109011;,
  0.267110;2.453549;-0.154894;,
  0.000000;2.721667;0.151155;,
  0.090768;2.608466;0.226992;,
  0.057147;2.722444;0.149006;,
  0.000000;2.596994;0.243188;,
  0.129070;2.703717;0.084818;,
  0.188014;2.611299;0.195751;,
  0.113290;2.777210;0.058419;,
  0.051557;2.796215;0.120802;,
  0.314584;2.610202;0.090026;,
  0.329356;2.579804;-0.028247;,
  0.335913;2.499986;-0.088647;,
  0.325607;2.400568;-0.103707;,
  0.388206;2.463959;-0.063482;,
  0.000000;2.796748;0.130625;,
  0.121161;1.929003;-0.227510;,
  0.091795;1.795771;-0.223366;,
  0.000000;1.821852;-0.248585;,
  0.000000;1.931040;-0.257076;,
  0.111262;1.706076;-0.233078;,
  0.000000;1.779707;-0.260965;,
  0.369099;2.419181;0.257289;,
  0.367909;2.315702;0.248863;,
  0.326540;2.202287;0.181371;,
  0.348046;2.227016;0.181587;,
  0.675625;0.850468;0.589409;,
  0.714312;0.939546;0.635649;,
  0.660015;1.174592;0.598385;,
  0.712086;0.801299;0.624140;,
  0.727424;0.877469;0.642802;,
  0.596857;1.089316;0.524037;,
  0.640993;0.839530;0.549106;,
  0.699302;0.679337;0.605630;,
  0.677608;0.650774;0.576778;,
  0.690934;0.595608;0.599604;,
  0.536502;0.616412;0.574768;,
  0.590612;0.513413;0.611051;,
  0.547256;0.548807;0.590004;,
  0.429767;0.597301;0.621079;,
  0.456803;0.484649;0.617886;,
  0.413251;0.444629;0.659872;,
  0.379519;0.480405;0.680580;,
  0.346807;0.489557;0.693096;,
  0.229471;0.571428;0.715673;,
  0.291646;0.490843;0.716101;,
  0.270131;0.478388;0.721437;,
  0.181057;0.397626;0.744679;,
  0.249342;0.404110;0.731827;,
  0.000000;0.574285;0.739518;,
  0.000000;0.403206;0.747002;,
  0.209517;0.798599;0.703041;,
  0.000000;0.574285;0.739518;,
  0.502607;0.814175;0.557313;,
  0.461197;1.080073;0.527371;,
  0.533900;1.393937;0.473163;,
  0.407615;1.414376;0.482626;,
  0.489317;1.700440;0.442764;,
  0.380489;1.715768;0.461773;,
  0.147823;1.718706;0.534184;,
  0.315565;2.049543;0.432674;,
  0.158990;2.061725;0.490082;,
  0.194746;2.339453;0.425505;,
  0.164970;1.401860;0.578733;,
  0.188594;1.088116;0.650381;,
  0.000000;0.790744;0.725644;,
  0.000000;1.092075;0.668973;,
  0.000000;2.017506;0.476935;,
  0.000000;1.708598;0.536623;,
  0.000000;2.301721;0.433354;,
  0.067229;2.653211;0.226919;,
  0.132225;2.635490;0.185459;,
  0.062804;2.622336;0.221403;,
  0.140520;2.666628;0.188570;,
  0.088919;2.641681;0.274297;,
  0.179914;2.664691;0.206869;,
  0.122405;2.535845;0.334675;,
  0.335331;2.552496;0.309667;,
  0.322190;2.355174;0.388639;,
  0.511319;2.089635;0.415969;,
  0.561362;1.745803;0.476313;,
  0.600859;1.460659;0.535575;,
  0.000000;2.301721;0.433354;,
  0.000000;2.528924;0.344350;,
  0.170169;2.656588;0.126397;,
  0.177478;2.688152;0.128101;,
  0.176697;2.670191;0.006164;,
  0.195201;2.712255;0.001143;,
  0.321141;2.687980;0.118205;,
  0.212069;2.706929;0.000589;,
  0.204521;2.686087;0.131328;,
  0.304952;2.661913;0.204054;,
  0.454426;2.617129;0.183180;,
  0.471333;2.517850;0.285517;,
  0.477455;2.357982;0.373219;,
  0.417499;2.640176;0.104213;,
  0.384807;2.638235;0.030590;,
  0.000000;1.384598;0.594745;,
  0.000000;2.651754;0.237392;,
  0.000000;2.622162;0.233036;,
  0.000000;2.634377;0.306002;,
  0.000000;1.331464;-0.298878;,
  0.000000;1.490390;-0.305557;,
  0.132684;1.487057;-0.285471;,
  0.000000;1.489753;-0.201590;,
  0.121261;1.477394;-0.244114;,
  0.205336;1.588960;-0.228971;,
  0.267206;1.664470;-0.170298;,
  0.129990;1.604466;-0.270407;,
  0.233158;0.634690;0.106523;,
  0.214932;0.790223;0.131149;,
  0.238738;0.780046;0.053423;,
  0.217053;0.853656;0.044386;,
  0.237009;0.859606;0.179926;,
  0.212836;0.908243;0.124394;,
  0.151162;0.990472;0.007100;,
  0.271146;0.950624;0.177872;,
